shape_id,shape_pt_lat,shape_pt_lon,shape_pt_sequence,shape_dist_traveled
58530,41.865535,12.707686,1,0
58530,41.865672,12.706281,2,118
58530,41.865838,12.704661,3,253
58530,41.865921,12.704113,4,300
58530,41.865959,12.703292,5,368
58530,41.865656,12.697857,6,821
58530,41.865649,12.697728,7,831
58530,41.865234,12.690740,8,1413
58530,41.865187,12.689944,9,1480
58530,41.865198,12.689594,10,1509
58530,41.865420,12.688366,11,1614
58530,41.865497,12.687911,12,1652
58530,41.865952,12.685223,13,1881
58530,41.865978,12.684746,14,1921
58530,41.865980,12.683951,15,1987
58530,41.865786,12.682832,16,2082
58530,41.865578,12.682134,17,2145
58530,41.865201,12.681073,18,2242
58530,41.865150,12.680933,19,2255
58530,41.864763,12.679890,20,2352
58530,41.864521,12.679061,21,2426
58530,41.864391,12.678406,22,2482
58530,41.864250,12.677222,23,2582
58530,41.864271,12.676685,24,2626
58530,41.864353,12.675646,25,2713
58530,41.864523,12.674721,26,2792
58530,41.864618,12.673850,27,2865
58530,41.864640,12.672690,28,2962
58530,41.864735,12.668707,29,3292
58530,41.864780,12.666580,30,3469
58530,41.864861,12.662757,31,3787
58530,41.864927,12.658101,32,4173
58530,41.864928,12.658062,33,4177
58530,41.864910,12.657204,34,4248
58530,41.864864,12.656730,35,4288
58530,41.864737,12.656208,36,4333
58530,41.864447,12.654815,37,4453
58530,41.864068,12.653027,38,4608
58530,41.863787,12.651839,39,4711
58530,41.863411,12.650841,40,4804
58530,41.862823,12.649176,41,4957
58530,41.862693,12.648521,42,5013
58530,41.862674,12.648055,43,5052
58530,41.862914,12.646072,44,5219
58530,41.863048,12.644963,45,5312
58530,41.863905,12.637600,46,5931
58530,41.864128,12.635623,47,6097
58530,41.864206,12.634933,48,6155
58530,41.864250,12.634467,49,6194
58530,41.864376,12.632932,50,6322
58530,41.864344,12.630741,51,6504
58530,41.864344,12.626554,52,6851
58530,41.864332,12.625502,53,6939
58530,41.864320,12.624344,54,7035
58530,41.864204,12.623075,55,7141
58530,41.864039,12.621644,56,7261
58530,41.863668,12.619613,57,7435
58530,41.863540,12.619057,58,7483
58530,41.863455,12.618431,59,7536
58530,41.863401,12.617596,60,7606
58530,41.863332,12.616723,61,7679
58530,41.863140,12.614328,62,7879
58530,41.863137,12.613738,63,7928
58530,41.863211,12.613003,64,7989
58530,41.863328,12.612544,65,8029
58530,41.863784,12.611112,66,8159
58530,41.864032,12.610265,67,8234
58530,41.864049,12.610204,68,8240
58530,41.866129,12.604151,69,8793
58530,41.866571,12.602207,70,8961
58530,41.866806,12.596836,71,9408
58530,41.866897,12.594755,72,9581
58530,41.867363,12.590785,73,9915
58530,41.867552,12.590137,74,9973
58530,41.868347,12.588791,75,10115
58530,41.869198,12.586472,76,10330
58530,41.869429,12.585840,77,10388
58530,41.869756,12.582734,78,10649
58530,41.869941,12.581932,79,10718
58530,41.870936,12.579025,80,10984
58530,41.871799,12.576503,81,11214
58530,41.872153,12.574926,82,11351
58530,41.872312,12.571583,83,11629
58530,41.872418,12.570232,84,11742
58530,41.872793,12.569423,85,11821
58530,41.873669,12.568685,86,11936
58530,41.874441,12.568437,87,12024
58530,41.875284,12.568166,88,12120
58530,41.881029,12.566669,89,12770
58530,41.881065,12.566660,90,12774
58530,41.884664,12.564806,91,13203
58530,41.885572,12.563485,92,13352
58530,41.886057,12.562072,93,13481
58530,41.886115,12.561903,94,13496
58530,41.886119,12.561867,95,13499
58530,41.889268,12.554088,96,14234
58530,41.889457,12.553487,97,14288
58530,41.889498,12.553079,98,14322
58530,41.889505,12.552777,99,14347
58530,41.889401,12.551372,100,14464
58530,41.889277,12.549691,101,14604
58530,41.889223,12.549037,102,14659
58530,41.889119,12.548583,103,14698
58530,41.888705,12.547764,104,14781
58530,41.888252,12.547010,105,14861
58530,41.887529,12.545655,106,14999
58530,41.887273,12.544830,107,15073
58530,41.887166,12.544249,108,15123
58530,41.887127,12.543907,109,15152
58530,41.887276,12.540316,110,15450
58530,41.887275,12.540295,111,15452
58530,41.887280,12.540213,112,15459
58530,41.887884,12.530256,113,16288
58530,41.888306,12.528646,114,16430
58530,41.888499,12.527907,115,16495
58530,41.888612,12.526860,116,16582
58530,41.888424,12.525460,117,16700
58530,41.887524,12.521939,118,17009
58530,41.887000,12.518809,119,17276
58530,41.885668,12.510845,120,17953
58530,41.885568,12.510198,121,18008
58530,41.885538,12.509779,122,18043
58531,41.885538,12.509779,1,0
58531,41.885568,12.510198,2,35
58531,41.885668,12.510845,3,90
58531,41.886998,12.518794,4,766
58531,41.887524,12.521939,5,1033
58531,41.888424,12.525460,6,1342
58531,41.888612,12.526860,7,1460
58531,41.888499,12.527907,8,1548
58531,41.888306,12.528645,9,1613
58531,41.887884,12.530256,10,1755
58531,41.887281,12.540207,11,2584
58531,41.887275,12.540295,12,2591
58531,41.887276,12.540316,13,2593
58531,41.887127,12.543907,14,2891
58531,41.887166,12.544249,15,2920
58531,41.887273,12.544830,16,2970
58531,41.887529,12.545655,17,3044
58531,41.888252,12.547010,18,3182
58531,41.888705,12.547764,19,3262
58531,41.889119,12.548583,20,3344
58531,41.889223,12.549037,21,3384
58531,41.889277,12.549691,22,3438
58531,41.889400,12.551357,23,3577
58531,41.889505,12.552777,24,3696
58531,41.889498,12.553079,25,3721
58531,41.889457,12.553487,26,3755
58531,41.889268,12.554088,27,3809
58531,41.886119,12.561867,28,4544
58531,41.886115,12.561903,29,4547
58531,41.886053,12.562084,30,4563
58531,41.885572,12.563485,31,4691
58531,41.884664,12.564806,32,4840
58531,41.881065,12.566660,33,5268
58531,41.881024,12.566670,34,5273
58531,41.875284,12.568166,35,5923
58531,41.874480,12.568424,36,6015
58531,41.873669,12.568685,37,6107
58531,41.872793,12.569423,38,6222
58531,41.872418,12.570232,39,6301
58531,41.872312,12.571583,40,6414
58531,41.872153,12.574926,41,6692
58531,41.871799,12.576503,42,6829
58531,41.870942,12.579007,43,7057
58531,41.869941,12.581932,44,7325
58531,41.869756,12.582734,45,7394
58531,41.869429,12.585840,46,7655
58531,41.869188,12.586499,47,7716
58531,41.868347,12.588791,48,7928
58531,41.867552,12.590137,49,8070
58531,41.867363,12.590785,50,8128
58531,41.866897,12.594755,51,8461
58531,41.866804,12.596869,52,8637
58531,41.866571,12.602207,53,9081
58531,41.866129,12.604151,54,9250
58531,41.864049,12.610204,55,9803
58531,41.864032,12.610263,56,9808
58531,41.863784,12.611112,57,9884
58531,41.863328,12.612544,58,10013
58531,41.863211,12.613003,59,10054
58531,41.863137,12.613738,60,10115
58531,41.863140,12.614328,61,10164
58531,41.863332,12.616723,62,10364
58531,41.863401,12.617596,63,10437
58531,41.863455,12.618431,64,10507
58531,41.863540,12.619057,65,10560
58531,41.863668,12.619613,66,10608
58531,41.864039,12.621644,67,10781
58531,41.864204,12.623075,68,10902
58531,41.864320,12.624344,69,11008
58531,41.864333,12.625520,70,11106
58531,41.864344,12.626554,71,11191
58531,41.864344,12.630741,72,11539
58531,41.864376,12.632932,73,11721
58531,41.864250,12.634467,74,11849
58531,41.864206,12.634933,75,11888
58531,41.864127,12.635635,76,11947
58531,41.863905,12.637600,77,12112
58531,41.863048,12.644963,78,12731
58531,41.862910,12.646104,79,12827
58531,41.862674,12.648055,80,12991
58531,41.862693,12.648521,81,13030
58531,41.862823,12.649176,82,13086
58531,41.863411,12.650841,83,13239
58531,41.863787,12.651839,84,13332
58531,41.864068,12.653027,85,13435
58531,41.864447,12.654815,86,13590
58531,41.864737,12.656208,87,13710
58531,41.864864,12.656730,88,13755
58531,41.864910,12.657204,89,13795
58531,41.864928,12.658062,90,13866
58531,41.864927,12.658102,91,13869
58531,41.864861,12.662757,92,14256
58531,41.864780,12.666594,93,14575
58531,41.864735,12.668707,94,14750
58531,41.864640,12.672690,95,15081
58531,41.864618,12.673850,96,15178
58531,41.864523,12.674721,97,15251
58531,41.864353,12.675646,98,15330
58531,41.864271,12.676685,99,15416
58531,41.864250,12.677222,100,15461
58531,41.864391,12.678406,101,15561
58531,41.864521,12.679061,102,15617
58531,41.864763,12.679890,103,15691
58531,41.865175,12.681001,104,15794
58531,41.865201,12.681073,105,15800
58531,41.865578,12.682134,106,15898
58531,41.865786,12.682832,107,15960
58531,41.865980,12.683951,108,16056
58531,41.865978,12.684746,109,16122
58531,41.865952,12.685223,110,16161
58531,41.865499,12.687899,111,16389
58531,41.865420,12.688366,112,16429
58531,41.865198,12.689594,113,16534
58531,41.865187,12.689944,114,16563
58531,41.865234,12.690740,115,16629
58531,41.865656,12.697857,116,17222
58531,41.865657,12.697867,117,17223
58531,41.865959,12.703292,118,17675
58531,41.865921,12.704113,119,17743
58531,41.865838,12.704661,120,17789
58531,41.865672,12.706281,121,17925
58531,41.865539,12.707649,122,18040
