shape_id,shape_pt_lat,shape_pt_lon,shape_pt_sequence,shape_dist_traveled
64147,41.977818,12.529968,1,0
64147,41.977727,12.529983,2,10.0872
64147,41.977698,12.529867,3,20.0875
64147,41.977670,12.529768,4,28.6793
64147,41.977653,12.529680,5,36.1059
64147,41.977625,12.529525,6,49.1133
64147,41.977642,12.529453,7,55.2319
64147,41.977643,12.529397,8,59.8543
64147,41.977635,12.529323,9,65.9005
64147,41.977617,12.529263,10,71.1851
64147,41.977593,12.529223,11,75.3235
64147,41.977565,12.529187,12,79.626
64147,41.977525,12.529157,13,84.6331
64147,41.977487,12.529138,14,89.0791
64147,41.977443,12.529135,15,93.8204
64147,41.977402,12.529142,16,98.4042
64147,41.977367,12.529158,17,102.462
64147,41.977315,12.529202,18,109.12
64147,41.977285,12.529242,19,113.742
64147,41.977265,12.529292,20,118.366
64147,41.977253,12.529342,21,122.636
64147,41.977250,12.529395,22,126.999
64147,41.977252,12.529470,23,133.115
64147,41.977267,12.529518,24,137.381
64147,41.977288,12.529555,25,141.194
64147,41.977327,12.529610,26,147.328
64147,41.977355,12.529643,27,151.446
64147,41.977407,12.529697,28,158.57
64147,41.977463,12.529778,29,167.66
64147,41.977517,12.529895,30,178.812
64147,41.977595,12.530177,31,203.313
64147,41.977675,12.530482,32,229.665
64147,41.977713,12.530698,33,247.814
64147,41.977735,12.530857,34,260.935
64147,41.977750,12.531005,35,273.136
64147,41.977757,12.531168,36,286.469
64147,41.977742,12.531505,37,313.959
64147,41.977722,12.531667,38,327.316
64147,41.977682,12.531830,39,341.328
64147,41.977642,12.531975,40,353.928
64147,41.977580,12.532137,41,368.728
64147,41.977492,12.532342,42,388.023
64147,41.977420,12.532467,43,400.872
64147,41.977340,12.532595,44,414.502
64147,41.977228,12.532735,45,431.205
64147,41.977162,12.532797,46,440.054
64147,41.977102,12.532862,47,448.482
64147,41.977025,12.532927,48,458.392
64147,41.976938,12.532993,49,469.307
64147,41.976802,12.533082,50,485.882
64147,41.976723,12.533127,51,495.191
64147,41.976640,12.533167,52,504.861
64147,41.976537,12.533200,53,516.471
64147,41.976485,12.533213,54,522.218
64147,41.976388,12.533235,55,532.924
64147,41.976305,12.533245,56,542.064
64147,41.976192,12.533247,57,554.444
64147,41.976160,12.533193,58,560
64147,41.976042,12.533243,59,573.614
64147,41.975902,12.533238,60,588.981
64147,41.975765,12.533247,61,603.993
64147,41.975613,12.533275,62,620.795
64147,41.975548,12.533295,63,628.113
64147,41.975428,12.533333,64,641.649
64147,41.975293,12.533387,65,657.092
64147,41.975030,12.533518,66,687.933
64147,41.974763,12.533697,67,720.634
64147,41.974580,12.533855,68,744.566
64147,41.974367,12.534088,69,774.781
64147,41.974230,12.534247,70,794.604
64147,41.974122,12.534418,71,813.012
64147,41.974053,12.534538,72,825.371
64147,41.973990,12.534657,73,837.295
64147,41.973890,12.534883,74,858.855
64147,41.973782,12.535158,75,884.317
64147,41.973712,12.535160,76,892
64147,41.973720,12.535343,77,906.869
64147,41.973672,12.535517,78,921.849
64147,41.973637,12.535638,79,932.405
64147,41.973573,12.535797,80,946.949
64147,41.973507,12.535958,81,961.902
64147,41.973433,12.536068,82,973.843
64147,41.973398,12.536123,83,979.695
64147,41.973332,12.536230,84,990.959
64147,41.973165,12.536433,85,1015.41
64147,41.973085,12.536508,86,1026
64147,41.973007,12.536563,87,1035.6
64147,41.972898,12.536625,88,1048.37
64147,41.972775,12.536682,89,1062.51
64147,41.972680,12.536722,90,1073.31
64147,41.972565,12.536755,91,1086.08
64147,41.972527,12.536687,92,1093
64147,41.972383,12.536770,93,1110.12
64147,41.972257,12.536767,94,1124.01
64147,41.972098,12.536750,95,1141.41
64147,41.972027,12.536713,96,1149.82
64147,41.971965,12.536613,97,1160.43
64147,41.971923,12.536558,98,1166.84
64147,41.971880,12.536500,99,1173.57
64147,41.971757,12.536350,100,1191.82
64147,41.971622,12.536245,101,1208.93
64147,41.971492,12.536152,102,1225.09
64147,41.971438,12.536113,103,1231.73
64147,41.971350,12.536080,104,1241.78
64147,41.971245,12.536040,105,1253.75
64147,41.970937,12.535912,106,1289.13
64147,41.970727,12.535825,107,1313.21
64147,41.970555,12.535707,108,1334.37
64147,41.970450,12.535543,109,1352
64147,41.970348,12.535523,110,1363.37
64147,41.970277,12.535457,111,1373.03
64147,41.970147,12.535333,112,1390.66
64147,41.970028,12.535198,113,1407.87
64147,41.969933,12.535092,114,1421.59
64147,41.969843,12.534963,115,1436.13
64147,41.969770,12.534857,116,1448.12
64147,41.969672,12.534712,117,1464.3
64147,41.969612,12.534613,118,1474.79
64147,41.969582,12.534533,119,1482.19
64147,41.969530,12.534433,120,1492.24
64147,41.969483,12.534328,121,1502.33
64147,41.969403,12.534137,122,1520.47
64147,41.969368,12.533998,123,1532.54
64147,41.969322,12.533877,124,1543.84
64147,41.969280,12.533753,125,1555.03
64147,41.969255,12.533578,126,1569.74
64147,41.969235,12.533447,127,1580.84
64147,41.969210,12.533308,128,1592.6
64147,41.969207,12.533155,129,1605.27
64147,41.969177,12.533002,130,1618.37
64147,41.969158,12.532900,131,1627.01
64147,41.969145,12.532827,132,1633.24
64147,41.969102,12.532642,133,1649.26
64147,41.969085,12.532585,134,1654.29
64147,41.969060,12.532533,135,1659.38
64147,41.968907,12.532073,136,1701
64147,41.968587,12.531713,137,1747.11
64147,41.968520,12.531630,138,1757.17
64147,41.967547,12.533013,139,1913.75
64147,41.967312,12.532608,140,1956
64147,41.967093,12.532420,141,1984.68
64147,41.966278,12.531422,142,2106.62
64147,41.966233,12.531365,143,2113.44
64147,41.966190,12.531425,144,2120.32
64147,41.965910,12.531727,145,2160
64147,41.965762,12.532023,146,2189.54
64147,41.965043,12.531133,147,2297.98
64147,41.964890,12.530943,148,2321.13
64147,41.964778,12.530625,149,2350.22
64147,41.964718,12.530467,150,2364.91
64147,41.964710,12.530343,151,2375.16
64147,41.964655,12.530100,152,2396.19
64147,41.964643,12.529917,153,2411.41
64147,41.964610,12.529567,154,2440.6
64147,41.964652,12.529302,155,2463
64147,41.964583,12.529273,156,2470.87
64147,41.964502,12.528682,157,2520.28
64147,41.964497,12.528640,158,2523.75
64147,41.964458,12.528220,159,2558.5
64147,41.964430,12.528012,160,2575.89
64147,41.964453,12.527907,161,2584.89
64147,41.964482,12.527838,162,2591.3
64147,41.964502,12.527788,163,2595.96
64147,41.964532,12.527738,164,2601.23
64147,41.964582,12.527693,165,2607.86
64147,41.964718,12.527632,166,2623.73
64147,41.964768,12.527560,167,2631.78
64147,41.964803,12.527522,168,2636.76
64147,41.964838,12.527467,169,2642.69
64147,41.964863,12.527413,170,2647.87
64147,41.964888,12.527347,171,2653.99
64147,41.964913,12.527240,172,2663.18
64147,41.964928,12.527170,173,2669.16
64147,41.964913,12.527035,174,2680.36
64147,41.964903,12.526988,175,2684.35
64147,41.964873,12.526923,176,2690.63
64147,41.964828,12.526863,177,2697.61
64147,41.964733,12.526773,178,2710.42
64147,41.964637,12.526723,179,2721.82
64147,41.964592,12.526713,180,2726.84
64147,41.964487,12.526673,181,2738.85
64147,41.964350,12.526617,182,2754.59
64147,41.964255,12.526587,183,2765.33
64147,41.964145,12.526557,184,2777.68
64147,41.963978,12.526502,185,2796.57
64147,41.963863,12.526467,186,2809.55
64147,41.963803,12.526432,187,2816.75
64147,41.963748,12.526392,188,2823.63
64147,41.963682,12.526315,189,2833.3
64147,41.963623,12.526153,190,2848.05
64147,41.963612,12.526102,191,2852.48
64147,41.963597,12.526042,192,2857.68
64147,41.963577,12.525958,193,2864.86
64147,41.963557,12.525903,194,2869.89
64147,41.963525,12.525855,195,2875.17
64147,41.963482,12.525827,196,2880.48
64147,41.963430,12.525788,197,2886.98
64147,41.963378,12.525772,198,2892.82
64147,41.963337,12.525773,199,2897.41
64147,41.963283,12.525788,200,2903.41
64147,41.963157,12.525798,201,2917.37
64147,41.963060,12.525832,202,2928.35
64147,41.962762,12.525893,203,2961.57
64147,41.962697,12.525890,204,2968.72
64147,41.962283,12.525772,205,3015.23
64147,41.961972,12.525615,206,3051.86
64147,41.961637,12.525548,207,3089.13
64147,41.961392,12.525392,208,3119
64147,41.961115,12.525402,209,3149.66
64147,41.959715,12.525008,210,3308.11
64147,41.959548,12.524962,211,3326.97
64147,41.959328,12.524868,212,3352.53
64147,41.959358,12.524560,213,3378.24
64147,41.959277,12.524538,214,3387.46
64147,41.959140,12.524502,215,3402.9
64147,41.958963,12.524455,216,3422.85
64147,41.958690,12.524292,217,3456
64147,41.957935,12.524122,218,3540.74
64147,41.957683,12.524047,219,3569.27
64147,41.957497,12.524063,220,3589.98
64147,41.957240,12.523997,221,3618.92
64147,41.955530,12.523522,222,3812.21
64147,41.954982,12.523353,223,3874.48
64147,41.954482,12.523227,224,3930.8
64147,41.954298,12.523192,225,3951.3
64147,41.954058,12.523168,226,3977.93
64147,41.954028,12.523170,227,3981.26
64147,41.953873,12.523173,228,3998.42
64147,41.953683,12.523205,229,4019.61
64147,41.953473,12.523278,230,4043.63
64147,41.953432,12.523245,231,4049
64147,41.953340,12.523342,232,4061.87
64147,41.953118,12.523493,233,4089.34
64147,41.952947,12.523617,234,4110.83
64147,41.952797,12.523765,235,4131.4
64147,41.952773,12.523790,236,4134.7
64147,41.952617,12.523973,237,4157.65
64147,41.952100,12.524605,238,4234.84
64147,41.951120,12.525805,239,4381.34
64147,41.950990,12.525858,240,4396.34
64147,41.950782,12.525967,241,4421
64147,41.950515,12.526482,242,4472.42
64147,41.950350,12.526717,243,4498.89
64147,41.950180,12.526567,244,4521.27
64147,41.950020,12.526440,245,4541.7
64147,41.949918,12.526363,246,4554.52
64147,41.949837,12.526300,247,4564.89
64147,41.949767,12.526250,248,4573.61
64147,41.949670,12.526185,249,4585.5
64147,41.949588,12.526132,250,4595.48
64147,41.949475,12.526062,251,4609.2
64147,41.949338,12.525998,252,4625.1
64147,41.949217,12.525947,253,4639.12
64147,41.949047,12.525892,254,4658.35
64147,41.948828,12.525830,255,4682.87
64147,41.947828,12.525653,256,4793.73
64147,41.947583,12.525613,257,4820.86
64147,41.947215,12.525547,258,4861.71
64147,41.946892,12.525490,259,4897.55
64147,41.946845,12.525393,260,4907
64147,41.946320,12.525397,261,4965
64147,41.946235,12.525392,262,4974.4
64147,41.946083,12.525412,263,4991.24
64147,41.946008,12.525457,264,5000.32
64147,41.945903,12.525547,265,5014.09
64147,41.945795,12.525775,266,5036.4
64147,41.945740,12.525887,267,5047.43
64147,41.945653,12.526057,268,5064.41
64147,41.945468,12.526393,269,5098.89
64147,41.945342,12.526580,270,5119.69
64147,41.945270,12.526675,271,5130.83
64147,41.945080,12.526875,272,5157.53
64147,41.944953,12.527012,273,5175.5
64147,41.944902,12.527068,274,5182.88
64147,41.944870,12.527103,275,5187.41
64147,41.944652,12.527348,276,5218.88
64147,41.944537,12.527513,277,5237.49
64147,41.944417,12.527660,278,5255.44
64147,41.944340,12.527760,279,5267.26
64147,41.944310,12.527800,280,5271.94
64147,41.944157,12.527998,281,5295.49
64147,41.943697,12.528593,282,5366.13
64147,41.943352,12.529048,283,5419.62
64147,41.943225,12.529213,284,5439.14
64147,41.943135,12.529293,285,5451.07
64147,41.943028,12.529353,286,5463.86
64147,41.942938,12.529380,287,5474.04
64147,41.942838,12.529400,288,5485.21
64147,41.942757,12.529405,289,5494.24
64147,41.942607,12.529395,290,5510.83
64147,41.942390,12.529338,291,5535.22
64147,41.942285,12.529308,292,5547.08
64147,41.941965,12.529182,293,5583.95
64147,41.941780,12.529027,294,5608.05
64147,41.941625,12.528935,295,5626.77
64147,41.940930,12.528618,296,5707.87
64147,41.940680,12.528457,297,5738.54
64147,41.940227,12.528167,298,5794.04
64147,41.940132,12.528107,299,5805.65
64147,41.939798,12.527895,300,5846.4
64147,41.939635,12.527760,301,5867.6
64147,41.939540,12.527683,302,5879.86
64147,41.939480,12.527647,303,5887.14
64147,41.939388,12.527615,304,5897.6
64147,41.939282,12.527573,305,5909.88
64147,41.939158,12.527513,306,5924.37
64147,41.939117,12.527480,307,5929.73
64147,41.938995,12.527355,308,5946.67
64147,41.938990,12.527230,309,5957
64147,41.938797,12.527138,310,5979.77
64147,41.938648,12.526972,311,6001.27
64147,41.938333,12.526610,312,6047.35
64147,41.938268,12.526535,313,6056.87
64147,41.938098,12.526338,314,6081.82
64147,41.937912,12.526138,315,6108.36
64147,41.937752,12.525942,316,6132.48
64147,41.937470,12.525670,317,6171.02
64147,41.936803,12.524963,318,6265.43
64147,41.936588,12.524722,319,6296.6
64147,41.935830,12.523858,320,6407.12
64147,41.935617,12.523617,321,6438.15
64147,41.935343,12.523295,322,6478.55
64147,41.935233,12.523175,323,6494.31
64147,41.934935,12.522848,324,6537.1
64147,41.934173,12.521957,325,6649.43
64147,41.934137,12.521917,326,6654.69
64147,41.934060,12.521837,327,6665.48
64147,41.934015,12.521793,328,6671.63
64147,41.933953,12.521722,329,6680.7
64147,41.933877,12.521632,330,6692.02
64147,41.933782,12.521520,331,6706.06
64147,41.933690,12.521415,332,6719.45
64147,41.933402,12.521102,333,6760.68
64147,41.933310,12.520998,334,6773.99
64147,41.933227,12.520907,335,6785.96
64147,41.933182,12.520857,336,6792.46
64147,41.933095,12.520767,337,6804.63
64147,41.933057,12.520727,338,6810.03
64147,41.932813,12.520308,339,6854
64147,41.932742,12.520357,340,6862.34
64147,41.932677,12.520278,341,6871.42
64147,41.932615,12.520200,342,6880.25
64147,41.932537,12.520100,343,6891.5
64147,41.932468,12.520018,344,6901.02
64147,41.932387,12.519925,345,6912.17
64147,41.932242,12.519760,346,6931.94
64147,41.931877,12.519310,347,6983.49
64147,41.931785,12.519202,348,6996.19
64147,41.931805,12.519065,349,7007
64147,41.931693,12.519093,350,7019.41
64147,41.931190,12.518505,351,7092.34
64147,41.930935,12.518202,352,7129.57
64147,41.930830,12.518080,353,7144.73
64147,41.930765,12.517997,354,7154.55
64147,41.930707,12.517928,355,7163.01
64147,41.929592,12.516603,356,7325.75
64147,41.929282,12.516318,357,7366.79
64147,41.929068,12.516167,358,7393.16
64147,41.928945,12.516075,359,7408.56
64147,41.928878,12.516012,360,7417.48
64147,41.928835,12.515978,361,7422.94
64147,41.928813,12.515963,362,7425.6
64147,41.928775,12.515942,363,7430.14
64147,41.928733,12.515918,364,7435.07
64147,41.928648,12.515882,365,7444.82
64147,41.928525,12.515833,366,7458.85
64147,41.928437,12.515690,367,7474
64147,41.928397,12.515790,368,7483.24
64147,41.928317,12.515767,369,7492.18
64147,41.928270,12.515757,370,7497.34
64147,41.928195,12.515740,371,7505.64
64147,41.928083,12.515737,372,7517.82
64147,41.927983,12.515735,373,7528.74
64147,41.927883,12.515737,374,7539.65
64147,41.927707,12.515740,375,7558.94
64147,41.927477,12.515742,376,7584.04
64147,41.927360,12.515745,377,7596.77
64147,41.927267,12.515740,378,7606.97
64147,41.925470,12.515772,379,7803.06
64147,41.925202,12.515777,380,7832.35
64147,41.925032,12.515782,381,7850.91
64147,41.924658,12.515802,382,7891.68
64147,41.924575,12.515808,383,7900.79
64147,41.924538,12.515783,384,7905.28
64147,41.924518,12.515770,385,7907.72
64147,41.924485,12.515755,386,7911.56
64147,41.924435,12.515748,387,7917.04
64147,41.924393,12.515747,388,7921.59
64147,41.924267,12.515662,389,7937.05
64147,41.924233,12.515575,390,7945
64147,41.924202,12.515625,391,7950.3
64147,41.924093,12.515558,392,7963.19
64147,41.923870,12.515383,393,7991.19
64147,41.923712,12.515235,394,8012.09
64147,41.923538,12.515030,395,8037.11
64147,41.923500,12.514970,396,8043.49
64147,41.923463,12.514897,397,8050.62
64147,41.923430,12.514822,398,8057.67
64147,41.923398,12.514735,399,8065.46
64147,41.923368,12.514633,400,8074.3
64147,41.923342,12.514518,401,8084.03
64147,41.923325,12.514422,402,8092.04
64147,41.923310,12.514277,403,8103.87
64147,41.923303,12.514195,404,8110.5
64147,41.923312,12.513947,405,8130.59
64147,41.923318,12.513767,406,8145.15
64147,41.923330,12.513577,407,8160.55
64147,41.923343,12.513363,408,8177.84
64147,41.923437,12.513192,409,8195
64147,41.923355,12.513102,410,8206.64
64147,41.923365,12.512948,411,8219.29
64147,41.923368,12.512647,412,8244.09
64147,41.923385,12.512455,413,8259.94
64147,41.923382,12.512390,414,8265.3
64147,41.923378,12.512355,415,8268.2
64147,41.923368,12.512312,416,8271.93
64147,41.923352,12.512267,417,8276.05
64147,41.923327,12.512232,418,8280.04
64147,41.923302,12.512208,419,8283.39
64147,41.923273,12.512185,420,8287.05
64147,41.923128,12.512002,421,8309
64147,41.922595,12.511557,422,8378.15
64147,41.922388,12.511373,423,8405.44
64147,41.922070,12.511088,424,8447.58
64147,41.921188,12.510208,425,8568.6
64147,41.920875,12.509848,426,8614.03
64147,41.920832,12.509802,427,8620.15
64147,41.920472,12.509340,428,8675.01
64147,41.920227,12.508992,429,8714.34
64147,41.920077,12.508783,430,8738.12
64147,41.919965,12.508613,431,8756.73
64147,41.919765,12.508322,432,8789.28
64147,41.919323,12.507680,433,8861
64147,41.919173,12.507318,434,8895
64147,41.919058,12.507287,435,8907.99
64147,41.918922,12.506938,436,8940.5
64147,41.918903,12.506750,437,8956.19
64147,41.918880,12.506688,438,8961.9
64147,41.918860,12.506658,439,8965.22
64147,41.918502,12.506157,440,9022.57
64147,41.918175,12.505923,441,9063.53
64147,41.917925,12.505810,442,9092.73
64147,41.917823,12.505755,443,9104.86
64147,41.917720,12.505712,444,9116.84
64147,41.917608,12.505677,445,9129.52
64147,41.917353,12.505630,446,9157.99
64147,41.917118,12.505620,447,9184
64147,41.917043,12.505217,448,9218.35
64147,41.917035,12.505158,449,9223.25
64147,41.917033,12.505083,450,9229.45
64147,41.916797,12.505288,451,9260.63
64147,41.916215,12.505285,452,9324.98
64147,41.916000,12.505280,453,9348.77
64147,41.915825,12.505270,454,9368.14
64147,41.915618,12.505265,455,9391.01
64147,41.915418,12.504978,456,9423.42
64147,41.915198,12.505252,457,9456.62
64147,41.914682,12.504538,458,9538.72
64147,41.914655,12.504507,459,9542.67
64147,41.914605,12.504493,460,9548.3
64147,41.914330,12.504110,461,9592.22
64147,41.914243,12.503873,462,9614
64147,41.913798,12.503342,463,9679.74
64147,41.913718,12.503217,464,9693.29
64147,41.913660,12.503092,465,9705.42
64147,41.913463,12.502637,466,9748.7
64147,41.913093,12.501785,467,9829.81
64147,41.912887,12.501307,468,9875.31
64147,41.912542,12.500535,469,9949.35
64147,41.912338,12.500060,470,9994.42
64147,41.912307,12.500007,471,10000
64147,41.912252,12.499978,472,10006.5
64147,41.912183,12.499915,473,10015.7
64147,41.912103,12.499778,474,10030
64147,41.911655,12.499010,475,10110.2
64147,41.911640,12.498920,476,10117.8
64147,41.911643,12.498817,477,10126.4
64147,41.911660,12.498720,478,10134.5
64147,41.911667,12.498622,479,10142.7
64147,41.911743,12.498452,480,10159
64147,41.911607,12.497978,481,10201
64147,41.911153,12.498075,482,10252
64147,41.910940,12.498123,483,10276
64147,41.910935,12.497880,484,10296.1
64147,41.910927,12.496940,485,10374
64147,41.910953,12.496207,486,10434.9
64147,41.910958,12.495915,487,10459.1
64147,41.910955,12.495857,488,10463.9
64147,41.910958,12.495655,489,10480.6
64147,41.910968,12.495060,490,10529.9
64147,41.910972,12.494872,491,10545.5
64147,41.910977,12.493840,492,10631
64147,41.910930,12.493862,493,10636.5
64147,41.910863,12.493883,494,10644.1
64147,41.910763,12.493910,495,10655.4
64147,41.910648,12.493927,496,10668.3
64147,41.910107,12.494095,497,10729.9
64147,41.909395,12.494333,498,10811.3
64147,41.908727,12.494533,499,10887.3
64147,41.908673,12.494552,500,10893.4
64147,41.908628,12.494585,501,10899.1
64147,41.908343,12.493548,502,10990.6
64147,41.908152,12.492895,503,11048.8
64147,41.907937,12.492143,504,11115.5
64147,41.907692,12.490988,505,11215
64147,41.907600,12.490805,506,11233.2
64147,41.907335,12.489943,507,11310.3
64147,41.906963,12.490225,508,11357.5
64147,41.906882,12.490277,509,11367.5
64147,41.906838,12.490295,510,11372.6
64147,41.906768,12.490318,511,11380.5
64147,41.906648,12.490347,512,11394
64147,41.906570,12.490353,513,11402.7
64147,41.906510,12.490335,514,11409.5
64147,41.906467,12.490312,515,11414.7
64147,41.906400,12.490267,516,11423
64147,41.906357,12.490225,517,11428.9
64147,41.906315,12.490182,518,11434.7
64147,41.906042,12.489613,519,11490.6
64147,41.905972,12.489400,520,11509.9
64147,41.905970,12.489375,521,11511.9
64147,41.905787,12.488727,522,11569.2
64147,41.905703,12.488450,523,11593.9
64147,41.905650,12.488345,524,11604.4
64147,41.905572,12.488245,525,11616.4
64147,41.905498,12.488185,526,11625.9
64147,41.905407,12.488133,527,11636.9
64147,41.905293,12.488087,528,11650
64147,41.905143,12.488050,529,11666.9
64147,41.905047,12.488083,530,11677.9
64147,41.904717,12.488282,531,11718
64147,41.904357,12.488443,532,11760
64147,41.904118,12.488735,533,11795.8
64147,41.903955,12.488588,534,11817.7
64147,41.903842,12.488475,535,11833.4
64147,41.903743,12.488368,536,11847.4
64147,41.903695,12.488298,537,11855.3
64147,41.903447,12.488088,538,11887.9
64147,41.903150,12.486967,539,11986.6
64147,41.903088,12.486762,540,12004.9
64147,41.902997,12.486420,541,12035
64147,41.902797,12.485607,542,12106
64147,41.902772,12.485495,543,12115.7
64147,41.902448,12.484148,544,12232.9
64147,41.902378,12.483750,545,12266.9
64147,41.902220,12.483135,546,12320.8
64147,41.902053,12.482487,547,12377.7
64147,41.901895,12.481790,548,12438
64147,41.901758,12.481235,549,12486.5
64147,41.902098,12.481377,550,12526
64147,41.902223,12.481325,551,12540.5
64147,41.902190,12.481230,552,12549.2
64147,41.902152,12.481138,553,12557.9
64147,41.902120,12.481048,554,12566.1
64147,41.902095,12.480978,555,12572.6
64147,41.902052,12.480832,556,12585.6
64147,41.901983,12.480603,557,12606
64147,41.901710,12.480150,558,12654.3
64147,41.901510,12.480235,559,12677.5
64147,41.901188,12.480362,560,12714.7
64147,41.900970,12.480448,561,12740
64147,41.900713,12.480555,562,12769.8
64147,41.900533,12.480633,563,12790.8
64147,41.900038,12.480842,564,12848.3
64147,41.899688,12.480975,565,12888.7
64147,41.899320,12.481115,566,12931.1
64147,41.898970,12.481252,567,12971.5
64147,41.898720,12.481353,568,13000.5
64147,41.898503,12.481447,569,13025.8
64147,41.898282,12.481535,570,13051.4
64147,41.897325,12.481940,571,13162.7
64147,41.896647,12.482220,572,13241.4
64147,41.896593,12.481917,573,13267.2
64147,41.896560,12.481762,574,13280.6
64147,41.896487,12.481373,575,13313.8
64147,41.896467,12.480985,576,13346
64147,41.896302,12.480472,577,13392.3
64147,41.896275,12.480367,578,13401.5
64147,41.896233,12.480300,579,13408.7
64147,41.895948,12.479180,580,13506.8
64147,41.895925,12.478990,581,13522.8
64147,41.895902,12.478958,582,13526.4
64147,41.895888,12.478938,583,13528.7
64147,41.895860,12.478920,584,13532.2
64147,41.895832,12.478943,585,13535.9
64147,41.895805,12.478977,586,13539.9
64147,41.895747,12.479052,587,13548.9
64147,41.895602,12.479228,588,13570.6
64147,41.895447,12.479422,589,13594.1
64147,41.894918,12.480145,590,13678
64147,41.895067,12.480737,591,13729.7
64147,41.894525,12.481107,592,13797.2
64147,41.894455,12.481150,593,13805.7
64147,41.894108,12.481373,594,13848.4
64147,41.893968,12.481545,595,13869.5
64147,41.893980,12.481643,596,13877.8
64147,41.893997,12.481788,597,13889.9
64147,41.894048,12.481895,598,13900.5
64147,41.894168,12.482045,599,13918.7
64147,41.894247,12.482055,600,13927.4
64147,41.894355,12.482062,601,13939.4
64147,41.894403,12.482063,602,13944.8
64147,41.894415,12.482062,603,13946.1
64147,41.894518,12.482002,604,13958.6
64147,41.894608,12.481935,605,13970
64147,41.894680,12.481858,606,13980.2
64147,41.894750,12.481780,607,13990.3
64147,41.894908,12.481805,608,14008
55581,41.894908,12.481805,1,0
55581,41.895178,12.481780,2,30.0846
55581,41.895273,12.481737,3,41.241
55581,41.895238,12.481538,4,58.166
55581,41.895067,12.480737,5,127.426
55581,41.894525,12.481107,6,195.024
55581,41.894455,12.481150,7,203.597
55581,41.894108,12.481373,8,246.364
55581,41.893968,12.481545,9,267.469
55581,41.893980,12.481643,10,275.739
55581,41.893997,12.481788,11,287.923
55581,41.894048,12.481895,12,298.481
55581,41.894168,12.482045,13,316.732
55581,41.894247,12.482055,14,325.479
55581,41.894355,12.482062,15,337.534
55581,41.894403,12.482063,16,342.908
55581,41.894415,12.482062,17,344.213
55581,41.894520,12.482047,18,355.95
55581,41.894643,12.482012,19,369.965
55581,41.894660,12.482000,20,372.055
55581,41.894717,12.481972,21,378.779
55581,41.894810,12.481908,22,390.411
55581,41.894897,12.481870,23,400.557
55581,41.895012,12.481843,24,413.531
55581,41.895365,12.482057,25,456.618
55581,41.895440,12.482368,26,483.812
55581,41.895567,12.483007,27,538.663
55581,41.895965,12.482820,28,585.577
55581,41.896238,12.482677,29,618.208
55581,41.896297,12.482617,30,626.386
55581,41.896420,12.482547,31,641.277
55581,41.896518,12.482452,32,654.758
55581,41.896582,12.482377,33,664.158
55581,41.896647,12.482220,34,679.04
55581,41.897325,12.481940,35,757.946
55581,41.897742,12.481840,36,805
55581,41.898282,12.481535,37,869.822
55581,41.898503,12.481447,38,895.4
55581,41.898720,12.481353,39,920.573
55581,41.898970,12.481252,40,949.47
55581,41.899320,12.481115,41,989.791
55581,41.899688,12.480975,42,1032.14
55581,41.900038,12.480842,43,1072.38
55581,41.900533,12.480633,44,1129.77
55581,41.900713,12.480555,45,1150.7
55581,41.900970,12.480448,46,1180.43
55581,41.901188,12.480362,47,1205.61
55581,41.901510,12.480235,48,1242.69
55581,41.901642,12.480757,49,1288.19
55581,41.901652,12.481057,50,1313
55581,41.901758,12.481235,51,1331.93
55581,41.901895,12.481790,52,1380.37
55581,41.902053,12.482487,53,1440.72
55581,41.902220,12.483135,54,1497.54
55581,41.902378,12.483750,55,1551.45
55581,41.902448,12.484148,56,1585.37
55581,41.902772,12.485495,57,1702.6
55581,41.902797,12.485607,58,1712.26
55581,41.902997,12.486420,59,1783.22
55581,41.903088,12.486762,60,1813.31
55581,41.903150,12.486967,61,1831.63
55581,41.903447,12.488088,62,1930.24
55581,41.903388,12.488192,63,1940.97
55581,41.903357,12.488250,64,1946.95
55581,41.903472,12.488512,65,1972.11
55581,41.903560,12.488748,66,1994.04
55581,41.903617,12.488907,67,2008.59
55581,41.903678,12.489107,68,2026.52
55581,41.903948,12.488908,69,2060.69
55581,41.904007,12.488858,70,2068.37
55581,41.904060,12.488800,71,2076.01
55581,41.904118,12.488735,72,2084.43
55581,41.904513,12.488512,73,2132
55581,41.904717,12.488282,74,2161.54
55581,41.905047,12.488083,75,2201.67
55581,41.905143,12.488050,76,2212.74
55581,41.905293,12.488087,77,2229.66
55581,41.905407,12.488133,78,2242.82
55581,41.905498,12.488185,79,2253.85
55581,41.905572,12.488245,80,2263.39
55581,41.905650,12.488345,81,2275.4
55581,41.905703,12.488450,82,2285.92
55581,41.905787,12.488727,83,2310.64
55581,41.905970,12.489375,84,2368.1
55581,41.905972,12.489400,85,2370.18
55581,41.906042,12.489613,86,2389.49
55581,41.906315,12.490182,87,2445.51
55581,41.906357,12.490225,88,2451.36
55581,41.906400,12.490267,89,2457.28
55581,41.906467,12.490312,90,2465.57
55581,41.906510,12.490335,91,2470.75
55581,41.906570,12.490353,92,2477.58
55581,41.906648,12.490347,93,2486.28
55581,41.906768,12.490318,94,2499.8
55581,41.906838,12.490295,95,2507.81
55581,41.906882,12.490277,96,2512.85
55581,41.906963,12.490225,97,2522.87
55581,41.907335,12.489943,98,2570.26
55581,41.907600,12.490805,99,2647.48
55581,41.907937,12.492143,100,2764.52
55581,41.908003,12.492587,101,2802
55581,41.908152,12.492895,102,2832.21
55581,41.908343,12.493548,103,2890.04
55581,41.908628,12.494585,104,2981.05
55581,41.908948,12.495745,105,3082.92
55581,41.909085,12.496262,106,3128.08
55581,41.909270,12.496950,107,3188.34
55581,41.909288,12.497000,108,3192.93
55581,41.909303,12.497030,109,3195.91
55581,41.909325,12.497063,110,3199.55
55581,41.909438,12.497180,111,3215.31
55581,41.910078,12.497837,112,3304.24
55581,41.910240,12.498028,113,3328.06
55581,41.910265,12.498045,114,3331.14
55581,41.910297,12.498052,115,3334.68
55581,41.910348,12.498060,116,3340.42
55581,41.910367,12.498160,117,3348.9
55581,41.910380,12.498230,118,3354.85
55581,41.910515,12.498865,119,3409.24
55581,41.910585,12.498908,120,3417.75
55581,41.910620,12.498928,121,3421.94
55581,41.910682,12.498950,122,3428.97
55581,41.910715,12.498958,123,3432.71
55581,41.910748,12.498963,124,3436.41
55581,41.910842,12.498957,125,3446.72
55581,41.910947,12.498825,126,3462.59
55581,41.911007,12.498737,127,3472.42
55581,41.911033,12.498687,128,3477.49
55581,41.911063,12.498612,129,3484.49
55581,41.911060,12.498535,130,3490.82
55581,41.911040,12.498468,131,3496.74
55581,41.911150,12.498517,132,3509.51
55581,41.911257,12.498570,133,3522.07
55581,41.911403,12.498663,134,3539.98
55581,41.911408,12.498748,135,3547
55581,41.911503,12.498723,136,3557.72
55581,41.911643,12.498817,137,3575.04
55581,41.911640,12.498920,138,3583.59
55581,41.911655,12.499010,139,3591.22
55581,41.912103,12.499778,140,3671.85
55581,41.912183,12.499915,141,3686.21
55581,41.912252,12.499978,142,3695.41
55581,41.912307,12.500007,143,3701.93
55581,41.912338,12.500060,144,3707.57
55581,41.912542,12.500535,145,3752.85
55581,41.912887,12.501307,146,3827.22
55581,41.913093,12.501785,147,3872.92
55581,41.913463,12.502637,148,3954.4
55581,41.913660,12.503092,149,3997.87
55581,41.913718,12.503217,150,4010.06
55581,41.913798,12.503342,151,4023.68
55581,41.914330,12.504110,152,4110.29
55581,41.914605,12.504493,153,4154.25
55581,41.914655,12.504507,154,4159.89
55581,41.914682,12.504538,155,4163.84
55581,41.914937,12.505025,156,4213
55581,41.915198,12.505252,157,4247.58
55581,41.915385,12.505557,158,4280.26
55581,41.915618,12.505265,159,4315.68
55581,41.915825,12.505270,160,4338.62
55581,41.916000,12.505280,161,4358.05
55581,41.916215,12.505285,162,4381.91
55581,41.916797,12.505288,163,4446.45
55581,41.916882,12.505677,164,4479.99
55581,41.916933,12.505863,165,4496.49
55581,41.917173,12.505798,166,4523.66
55581,41.917565,12.505842,167,4567.26
55581,41.917667,12.505875,168,4578.88
55581,41.917795,12.505940,169,4594.1
55581,41.917930,12.506028,170,4610.77
55581,41.918123,12.506192,171,4636.14
55581,41.918288,12.506373,172,4659.84
55581,41.918392,12.506523,173,4676.75
55581,41.918667,12.506917,174,4721.4
55581,41.918708,12.506982,175,4728.5
55581,41.918935,12.507380,176,4770
55581,41.919243,12.507763,177,4816.7
55581,41.919702,12.508425,178,4891.51
55581,41.920168,12.509102,179,4967.87
55581,41.920352,12.509372,180,4998.12
55581,41.920755,12.509910,181,5061.33
55581,41.920795,12.509957,182,5067.22
55581,41.921112,12.510307,183,5112.79
55581,41.921445,12.510665,184,5160.24
55581,41.921967,12.511178,185,5232.1
55581,41.922642,12.511767,186,5321.5
55581,41.922900,12.511970,187,5354.76
55581,41.922955,12.512018,188,5362.06
55581,41.923007,12.512073,189,5369.39
55581,41.923048,12.512132,190,5376.08
55581,41.923062,12.512183,191,5380.61
55581,41.923090,12.512278,192,5389.09
55581,41.923085,12.512392,193,5398.5
55581,41.923087,12.512563,194,5412.73
55581,41.923125,12.512665,195,5422.17
55581,41.923153,12.512693,196,5426.1
55581,41.923188,12.512713,197,5430.32
55581,41.923220,12.512717,198,5433.85
55581,41.923263,12.512715,199,5438.66
55581,41.923238,12.513063,200,5467.67
55581,41.923228,12.513173,201,5476.85
55581,41.923152,12.513647,202,5517
55581,41.923205,12.513920,203,5540.38
55581,41.923212,12.514420,204,5581.77
55581,41.923232,12.514520,205,5590.34
55581,41.923258,12.514668,206,5602.97
55581,41.923285,12.514768,207,5611.75
55581,41.923310,12.514833,208,5617.81
55581,41.923340,12.514908,209,5624.85
55581,41.923367,12.514968,210,5630.63
55581,41.923388,12.515010,211,5634.83
55581,41.923415,12.515062,212,5640.03
55581,41.923423,12.515078,213,5641.69
55581,41.923460,12.515130,214,5647.59
55581,41.923480,12.515163,215,5651.12
55581,41.923507,12.515197,216,5655.17
55581,41.924145,12.515732,217,5738.62
55581,41.924268,12.515838,218,5754.9
55581,41.924078,12.516063,219,5783.01
55581,41.924073,12.516107,220,5786.63
55581,41.924078,12.516145,221,5789.85
55581,41.924098,12.516188,222,5794.07
55581,41.924123,12.516222,223,5797.98
55581,41.924233,12.516270,224,5810.81
55581,41.924293,12.516277,225,5817.48
55581,41.924332,12.516278,226,5821.73
55581,41.924378,12.516268,227,5826.97
55581,41.924415,12.516245,228,5831.47
55581,41.924460,12.516203,229,5837.53
55581,41.924523,12.516125,230,5847.09
55581,41.924585,12.516038,231,5857
55581,41.924608,12.515995,232,5861.42
55581,41.924617,12.515970,233,5863.68
55581,41.924620,12.515912,234,5868.52
55581,41.924720,12.515908,235,5879.61
55581,41.925042,12.515997,236,5916
55581,41.925477,12.515887,237,5964.97
55581,41.926268,12.515848,238,6052.61
55581,41.927362,12.515843,239,6173.55
55581,41.927565,12.515842,240,6196.05
55581,41.928058,12.515857,241,6250.64
55581,41.928120,12.515863,242,6257.48
55581,41.928188,12.515882,243,6265.19
55581,41.928223,12.515893,244,6269.18
55581,41.928328,12.515927,245,6281.12
55581,41.928533,12.516002,246,6304.63
55581,41.928648,12.516048,247,6317.92
55581,41.928770,12.516108,248,6332.26
55581,41.928837,12.516138,249,6340.04
55581,41.928903,12.516197,250,6348.85
55581,41.928943,12.516247,251,6354.9
55581,41.928973,12.516307,252,6360.87
55581,41.929000,12.516355,253,6365.83
55581,41.929020,12.516373,254,6368.52
55581,41.929083,12.516422,255,6376.58
55581,41.929227,12.516520,256,6394.39
55581,41.929383,12.516660,257,6415.23
55581,41.929517,12.516870,258,6438
55581,41.929550,12.516830,259,6442.9
55581,41.929865,12.517200,260,6488.78
55581,41.930532,12.517992,261,6586.33
55581,41.930627,12.518108,262,6600.45
55581,41.930705,12.518207,263,6612.2
55581,41.930817,12.518332,264,6628.14
55581,41.931093,12.518660,265,6668.61
55581,41.931572,12.519227,266,6738.53
55581,41.931642,12.519313,267,6748.97
55581,41.931707,12.519393,268,6758.64
55581,41.931773,12.519480,269,6768.81
55581,41.932070,12.519822,270,6811.65
55581,41.932152,12.519915,271,6823.4
55581,41.932243,12.520135,272,6844
55581,41.932303,12.520095,273,6851.41
55581,41.932422,12.520235,274,6868.86
55581,41.932460,12.520283,275,6874.68
55581,41.932520,12.520357,276,6883.66
55581,41.932833,12.520720,277,6929.47
55581,41.932982,12.520902,278,6951.68
55581,41.933070,12.521010,279,6964.92
55581,41.933115,12.521065,280,6971.66
55581,41.933197,12.521167,281,6983.98
55581,41.933528,12.521543,282,7032.05
55581,41.933633,12.521660,283,7047.13
55581,41.933783,12.521828,284,7068.76
55581,41.933910,12.521960,285,7086.48
55581,41.933962,12.522020,286,7094.04
55581,41.933992,12.522055,287,7098.43
55581,41.934065,12.522137,288,7108.98
55581,41.934722,12.522867,289,7203.3
55581,41.935095,12.523298,290,7257.82
55581,41.935257,12.523478,291,7281.05
55581,41.935513,12.523765,292,7317.99
55581,41.935605,12.523862,293,7330.89
55581,41.935710,12.523985,294,7346.33
55581,41.935787,12.524075,295,7357.59
55581,41.935927,12.524228,296,7377.58
55581,41.936540,12.524922,297,7466.29
55581,41.936782,12.525208,298,7501.97
55581,41.937470,12.525993,299,7601.9
55581,41.938230,12.526892,300,7713.94
55581,41.938555,12.527300,301,7763.19
55581,41.938702,12.527465,302,7784.36
55581,41.938777,12.527548,303,7795.13
55581,41.938858,12.527670,304,7808.63
55581,41.938942,12.527845,305,7825.76
55581,41.939003,12.528050,306,7844
55581,41.939058,12.528077,307,7850.49
55581,41.939115,12.528192,308,7861.89
55581,41.939200,12.528418,309,7882.89
55581,41.939213,12.528637,310,7901.02
55581,41.939305,12.529430,311,7967.47
55581,41.939370,12.529592,312,7982.67
55581,41.939725,12.529430,313,8024.24
55581,41.939912,12.529370,314,8045.52
55581,41.940038,12.529350,315,8059.66
55581,41.940158,12.529335,316,8073.02
55581,41.940278,12.529320,317,8086.39
55581,41.940445,12.529305,318,8104.91
55581,41.940712,12.529268,319,8134.62
55581,41.940998,12.529233,320,8166.54
55581,41.941325,12.529253,321,8202.79
55581,41.941550,12.529300,322,8228.03
55581,41.941777,12.529375,323,8253.92
55581,41.941915,12.529420,324,8269.7
55581,41.941958,12.529433,325,8274.63
55581,41.942382,12.529533,326,8322.29
55581,41.942617,12.529587,327,8348.71
55581,41.942737,12.529600,328,8362.06
55581,41.942838,12.529580,329,8373.46
55581,41.942943,12.529550,330,8385.36
55581,41.943083,12.529495,331,8401.53
55581,41.943185,12.529435,332,8413.85
55581,41.943305,12.529323,333,8430.05
55581,41.943370,12.529248,334,8439.56
55581,41.943418,12.529185,335,8447.06
55581,41.943668,12.528862,336,8485.59
55581,41.943803,12.528682,337,8506.7
55581,41.944142,12.528240,338,8559.08
55581,41.944362,12.527962,339,8592.63
55581,41.944443,12.527858,340,8605.09
55581,41.944508,12.527772,341,8615.25
55581,41.944608,12.527637,342,8631
55581,41.944755,12.527445,343,8653.71
55581,41.944805,12.527388,344,8660.97
55581,41.944953,12.527203,345,8683.44
55581,41.944977,12.527173,346,8687.03
55581,41.945077,12.527058,347,8701.64
55581,41.945242,12.526882,348,8725.06
55581,41.945353,12.526737,349,8742.3
55581,41.945423,12.526647,350,8753.06
55581,41.945498,12.526540,351,8765.19
55581,41.945523,12.526500,352,8769.51
55581,41.945558,12.526438,353,8775.92
55581,41.945633,12.526313,354,8789.19
55581,41.945770,12.526042,355,8816.3
55581,41.945805,12.525987,356,8822.29
55581,41.945913,12.525848,357,8838.88
55581,41.945973,12.525805,358,8846.44
55581,41.946065,12.525733,359,8858.2
55581,41.946110,12.525683,360,8864.68
55581,41.946160,12.525613,361,8872.7
55581,41.946200,12.525593,362,8877.44
55581,41.946255,12.525572,363,8883.79
55581,41.946315,12.525567,364,8890.46
55581,41.946397,12.525570,365,8899.52
55581,41.946882,12.525650,366,8953.69
55581,41.947145,12.525748,367,8984
55581,41.947200,12.525703,368,8991.15
55581,41.947562,12.525763,369,9031.55
55581,41.947888,12.525818,370,9068.06
55581,41.948810,12.525975,371,9171.07
55581,41.948918,12.525998,372,9183.23
55581,41.949068,12.526038,373,9200.19
55581,41.949213,12.526083,374,9216.69
55581,41.949323,12.526135,375,9229.62
55581,41.949432,12.526193,376,9242.56
55581,41.949598,12.526303,377,9263.17
55581,41.949690,12.526370,378,9274.73
55581,41.949783,12.526437,379,9286.46
55581,41.949872,12.526510,380,9297.98
55581,41.950040,12.526650,381,9319.95
55581,41.950157,12.526740,382,9334.88
55581,41.950272,12.526840,383,9350.08
55581,41.950315,12.526878,384,9355.84
55581,41.950373,12.526928,385,9363.51
55581,41.950453,12.526808,386,9376.83
55581,41.950608,12.526595,387,9401.47
55581,41.951008,12.526070,388,9463.56
55581,41.951120,12.525805,389,9488.75
55581,41.951342,12.525613,390,9518
55581,41.952100,12.524605,391,9635.66
55581,41.952617,12.523973,392,9712.68
55581,41.952773,12.523790,393,9735.59
55581,41.952797,12.523765,394,9738.88
55581,41.952947,12.523617,395,9759.41
55581,41.953118,12.523493,396,9780.86
55581,41.953162,12.523517,397,9786
55581,41.953340,12.523342,398,9810.57
55581,41.953473,12.523278,399,9826.3
55581,41.953683,12.523205,400,9850.43
55581,41.953873,12.523173,401,9871.71
55581,41.954028,12.523170,402,9888.94
55581,41.954058,12.523168,403,9892.28
55581,41.954298,12.523192,404,9919.03
55581,41.954482,12.523227,405,9939.62
55581,41.954982,12.523353,406,9996.19
55581,41.955530,12.523522,407,10058.7
55581,41.957240,12.523997,408,10252.9
55581,41.957497,12.524063,409,10281.9
55581,41.957685,12.524117,410,10303.3
55581,41.957943,12.524247,411,10334
55581,41.958995,12.524532,412,10452.6
55581,41.959033,12.524550,413,10457.1
55581,41.959058,12.524573,414,10460.5
55581,41.959073,12.524598,415,10463.1
55581,41.959085,12.524648,416,10467.4
55581,41.959057,12.524722,417,10474.3
55581,41.959037,12.524865,418,10486.3
55581,41.959322,12.524933,419,10518.3
55581,41.959537,12.525022,420,10543.1
55581,41.959705,12.525068,421,10562.1
55581,41.961103,12.525457,422,10720
55581,41.961647,12.525608,423,10781.4
55581,41.961945,12.525673,424,10814.8
55581,41.961985,12.525772,425,10824
55581,41.962268,12.525823,426,10855.8
55581,41.962668,12.525938,427,10901.2
55581,41.962760,12.525950,428,10911.5
55581,41.962838,12.525982,429,10920.5
55581,41.962913,12.526050,430,10930.6
55581,41.962965,12.526102,431,10937.8
55581,41.962982,12.526157,432,10942.7
55581,41.962997,12.526208,433,10947.3
55581,41.963020,12.526303,434,10955.6
55581,41.963018,12.526462,435,10968.7
55581,41.963022,12.526495,436,10971.5
55581,41.963028,12.526622,437,10982
55581,41.963030,12.526838,438,11000
55581,41.963033,12.527025,439,11015.5
55581,41.963038,12.527358,440,11043.1
55581,41.963075,12.527557,441,11060.1
55581,41.963150,12.527638,442,11070.8
55581,41.963245,12.527738,443,11084.2
55581,41.963365,12.527748,444,11097.6
55581,41.963462,12.527758,445,11108.4
55581,41.963562,12.527753,446,11119.5
55581,41.963788,12.527733,447,11144.7
55581,41.963903,12.527738,448,11157.5
55581,41.964060,12.527733,449,11174.9
55581,41.964195,12.527768,450,11190.2
55581,41.964260,12.527813,451,11198.3
55581,41.964320,12.527873,452,11206.7
55581,41.964362,12.527960,453,11215.2
55581,41.964383,12.528057,454,11223.6
55581,41.964422,12.528200,455,11236.2
55581,41.964442,12.528342,456,11248.2
55581,41.964452,12.528482,457,11259.8
55581,41.964447,12.528608,458,11270.3
55581,41.964445,12.528688,459,11277
55581,41.964438,12.529060,460,11307.8
55581,41.964472,12.529318,461,11329.5
55581,41.964452,12.529442,462,11340
55581,41.964503,12.529757,463,11366.5
55581,41.964507,12.529957,464,11383
55581,41.964457,12.530098,465,11395.9
55581,41.964390,12.530202,466,11407.2
55581,41.964297,12.530315,467,11421
55581,41.964270,12.530388,468,11427.8
55581,41.964265,12.530450,469,11432.9
55581,41.964272,12.530550,470,11441.1
55581,41.964295,12.530620,471,11447.4
55581,41.964338,12.530707,472,11456
55581,41.964377,12.530750,473,11461.6
55581,41.964518,12.530763,474,11477.2
55581,41.964890,12.530943,475,11520.8
55581,41.965043,12.531133,476,11543.8
55581,41.965190,12.531413,477,11572
55581,41.965762,12.532023,478,11653.1
55581,41.965298,12.532667,479,11727.1
55581,41.965378,12.532768,480,11739.3
55581,41.965763,12.533372,481,11805
55581,41.966158,12.533753,482,11858.9
55581,41.966613,12.534305,483,11926.7
55581,41.966663,12.534393,484,11935.9
55581,41.966862,12.534117,485,11967.5
55581,41.967010,12.533990,486,11987
55581,41.967342,12.533455,487,12044.4
55581,41.967590,12.533105,488,12084.2
55581,41.968587,12.531713,489,12243.3
55581,41.969060,12.532533,490,12328.8
55581,41.969085,12.532585,491,12333.9
55581,41.969102,12.532642,492,12338.9
55581,41.969145,12.532827,493,12354.9
55581,41.969158,12.532900,494,12361.2
55581,41.969177,12.533002,495,12369.8
55581,41.969207,12.533155,496,12382.9
55581,41.969210,12.533308,497,12395.5
55581,41.969235,12.533447,498,12407.3
55581,41.969185,12.533558,499,12418
55581,41.969255,12.533578,500,12425.7
55581,41.969280,12.533753,501,12439.9
55581,41.969322,12.533877,502,12450.8
55581,41.969368,12.533998,503,12461.7
55581,41.969403,12.534137,504,12473.4
55581,41.969483,12.534328,505,12491
55581,41.969530,12.534433,506,12500.8
55581,41.969582,12.534533,507,12510.6
55581,41.969612,12.534613,508,12517.7
55581,41.969672,12.534712,509,12527.9
55581,41.969770,12.534857,510,12543.6
55581,41.969843,12.534963,511,12555.2
55581,41.969933,12.535092,512,12569.3
55581,41.970028,12.535198,513,12582.6
55581,41.970147,12.535333,514,12599.3
55581,41.970277,12.535457,515,12616.4
55581,41.970348,12.535523,516,12625.7
55581,41.970555,12.535707,517,12652.3
55581,41.970585,12.535847,518,12664
55581,41.970727,12.535825,519,12679.6
55581,41.970937,12.535912,520,12703.6
55581,41.971245,12.536040,521,12738.9
55581,41.971350,12.536080,522,12750.8
55581,41.971438,12.536113,523,12760.8
55581,41.971492,12.536152,524,12767.4
55581,41.971622,12.536245,525,12783.6
55581,41.971757,12.536350,526,12800.6
55581,41.971880,12.536500,527,12818.8
55581,41.971923,12.536558,528,12825.5
55581,41.971965,12.536613,529,12831.9
55581,41.972027,12.536713,530,12842.5
55581,41.972083,12.536837,531,12854.3
55581,41.972120,12.536915,532,12861.9
55581,41.972130,12.536937,533,12863.9
55581,41.972165,12.537010,534,12871
55581,41.972297,12.537040,535,12885.6
55581,41.972483,12.537118,536,12907
55581,41.972520,12.537032,537,12915.1
55581,41.972697,12.537033,538,12934.2
55581,41.972840,12.536978,539,12950.4
55581,41.972913,12.536952,540,12958.7
55581,41.973140,12.536810,541,12985.8
55581,41.973323,12.536663,542,13009
55581,41.973505,12.536443,543,13035.5
55581,41.973577,12.536332,544,13047.4
55581,41.973610,12.536278,545,13053.1
55581,41.973743,12.536053,546,13076.3
55581,41.973825,12.535837,547,13096
55581,41.973897,12.535592,548,13117.3
55581,41.973958,12.535377,549,13135.9
55581,41.974068,12.535263,550,13151
55581,41.974057,12.535102,551,13164.3
55581,41.974177,12.534848,552,13188.8
55581,41.974227,12.534750,553,13198.5
55581,41.974313,12.534578,554,13215.4
55581,41.974457,12.534360,555,13239.2
55581,41.974602,12.534208,556,13259.3
55581,41.974752,12.534063,557,13279.6
55581,41.974863,12.533970,558,13294
55581,41.975020,12.533840,559,13314.2
55581,41.975200,12.533732,560,13335.8
55581,41.975323,12.533682,561,13349.9
55581,41.975400,12.533638,562,13359
55581,41.975467,12.533615,563,13366.5
55581,41.975543,12.533597,564,13375.1
55581,41.975652,12.533563,565,13387.2
55581,41.975733,12.533545,566,13396.3
55581,41.975763,12.533543,567,13399.6
55581,41.975858,12.533535,568,13410
55581,41.975960,12.533527,569,13421.2
55581,41.976048,12.533533,570,13430.9
55581,41.976137,12.533520,571,13440.6
55581,41.976310,12.533518,572,13459.6
55581,41.976413,12.533512,573,13470.9
55581,41.976505,12.533493,574,13481
55581,41.976625,12.533467,575,13494.4
55581,41.976713,12.533427,576,13504.6
55581,41.976813,12.533382,577,13516.1
55581,41.976882,12.533340,578,13524.3
55581,41.976938,12.533395,579,13532
55581,41.976977,12.533280,580,13542.2
55581,41.977098,12.533192,581,13557.3
55581,41.977253,12.533058,582,13577.3
55581,41.977362,12.532932,583,13592.9
55581,41.977432,12.532857,584,13602.7
55581,41.977542,12.532703,585,13619.9
55581,41.977630,12.532543,586,13636.1
55581,41.977697,12.532413,587,13648.9
55581,41.977752,12.532292,588,13660.4
55581,41.977817,12.532125,589,13675.7
55581,41.977837,12.532018,590,13684.6
55581,41.977880,12.531865,591,13697.9
55581,41.977902,12.531735,592,13708.7
55581,41.977928,12.531575,593,13722
55581,41.977947,12.531393,594,13736.9
55581,41.977955,12.531223,595,13750.7
55581,41.977945,12.530932,596,13774.4
55581,41.977932,12.530775,597,13787.2
55581,41.977910,12.530647,598,13797.9
55581,41.977903,12.530613,599,13800.7
55581,41.977878,12.530490,600,13811
55581,41.977857,12.530380,601,13820.3
55581,41.977837,12.530328,602,13825
55581,41.977808,12.530217,603,13834.6
55581,41.977780,12.530130,604,13842.2
55581,41.977818,12.529968,605,13856
