shape_id,shape_pt_lat,shape_pt_lon,shape_pt_sequence,shape_dist_traveled
57813,41.930693,12.464337,1,0
57813,41.930622,12.464515,2,16.5769
57813,41.930668,12.464567,3,23.2142
57813,41.930723,12.464625,4,30.9049
57813,41.930770,12.464672,5,37.2892
57813,41.930812,12.464722,6,43.422
57813,41.930862,12.464773,7,50.3449
57813,41.930908,12.464827,8,57.0699
57813,41.930958,12.464878,9,63.9927
57813,41.931005,12.464928,10,70.5439
57813,41.931057,12.464983,11,77.7788
57813,41.931102,12.464927,12,84.5498
57813,41.931160,12.464913,13,91.0367
57813,41.931208,12.464888,14,96.7163
57813,41.931243,12.464858,15,101.271
57813,41.931530,12.464525,16,142.887
57813,41.932175,12.463777,17,236.434
57813,41.932837,12.464617,18,336.374
57813,41.932965,12.464640,19,350.57
57813,41.933015,12.464710,20,358.499
57813,41.933353,12.465177,21,411.739
57813,41.933332,12.465273,22,420
57813,41.933605,12.465535,23,456.406
57813,41.933818,12.465862,24,491.518
57813,41.933908,12.466030,25,508.268
57813,41.933923,12.466130,26,516.521
57813,41.934088,12.466480,27,550.009
57813,41.934197,12.466690,28,570.66
57813,41.934257,12.466817,29,582.796
57813,41.934300,12.466922,30,592.503
57813,41.934268,12.466913,31,596
57813,41.934357,12.467067,32,611.763
57813,41.934380,12.467137,33,618.002
57813,41.934323,12.467223,34,627.378
57813,41.934293,12.467257,35,631.627
57813,41.934238,12.467300,36,638.583
57813,41.934193,12.467332,37,644.124
57813,41.934110,12.467393,38,654.502
57813,41.934003,12.467387,39,666.142
57813,41.933522,12.467407,40,718.67
57813,41.933287,12.467403,41,744.288
57813,41.932912,12.467388,42,785.182
57813,41.932828,12.467385,43,794.27
57813,41.932760,12.467387,44,801.72
57813,41.932718,12.467392,45,806.28
57813,41.932638,12.467417,46,815.234
57813,41.932403,12.467507,47,841.877
57813,41.931988,12.467673,48,889.103
57813,41.931830,12.467730,49,906.968
57813,41.931772,12.467753,50,913.604
57813,41.931417,12.467895,51,953.982
57813,41.931270,12.467823,52,971
57813,41.930352,12.468322,53,1080.64
57813,41.930155,12.468402,54,1103.38
57813,41.930037,12.468438,55,1116.82
57813,41.929985,12.468457,56,1122.73
57813,41.929928,12.468475,57,1129.18
57813,41.929878,12.468487,58,1134.8
57813,41.929777,12.468483,59,1146.05
57813,41.929507,12.468508,60,1176
57813,41.929265,12.468693,61,1206.63
57813,41.928890,12.468842,62,1249.65
57813,41.928553,12.468988,63,1288.61
57813,41.928505,12.469012,64,1294.26
57813,41.928228,12.469128,65,1326.18
57813,41.927982,12.469225,66,1354.46
57813,41.927795,12.469225,67,1375
57813,41.926750,12.469717,68,1497.57
57813,41.925707,12.470160,69,1618.69
57813,41.925227,12.470353,70,1674.16
57813,41.924993,12.470365,71,1700
57813,41.924437,12.470677,72,1766.81
57813,41.924185,12.470778,73,1795.91
57813,41.924038,12.470828,74,1812.67
57813,41.923683,12.470962,75,1853.5
57813,41.923562,12.471008,76,1867.51
57813,41.923315,12.471107,77,1896.01
57813,41.923270,12.471170,78,1903.24
57813,41.922922,12.471217,79,1942
57813,41.922655,12.471407,80,1974.89
57813,41.922097,12.471635,81,2038.47
57813,41.921520,12.471872,82,2104.15
57813,41.921142,12.472033,83,2147.39
57813,41.921033,12.471950,84,2161
57813,41.921013,12.472087,85,2172.32
57813,41.920920,12.472130,86,2183.07
57813,41.920800,12.472178,87,2196.71
57813,41.920515,12.472295,88,2229.14
57813,41.920227,12.472412,89,2261.92
57813,41.919103,12.472865,90,2389.6
57813,41.918952,12.472918,91,2406.67
57813,41.918842,12.472950,92,2418.91
57813,41.918732,12.472990,93,2431.32
57813,41.918343,12.473063,94,2474
57813,41.918240,12.473202,95,2490.09
57813,41.917407,12.473542,96,2586.03
57813,41.916553,12.473883,97,2684.12
57813,41.916187,12.474037,98,2726.42
57813,41.915448,12.474272,99,2810
57813,41.915165,12.474475,100,2845.61
57813,41.915120,12.474323,101,2859.12
57813,41.914972,12.473718,102,2911.81
57813,41.914962,12.473668,103,2916.09
57813,41.914947,12.473627,104,2919.92
57813,41.914790,12.473693,105,2938.13
57813,41.914250,12.473912,106,3000.62
57813,41.913828,12.474085,107,3049.49
57813,41.913692,12.474140,108,3065.3
57813,41.913473,12.474237,109,3090.78
57813,41.912727,12.474523,110,3176.83
57813,41.912328,12.474680,111,3222.82
57813,41.912020,12.474805,112,3258.51
57813,41.911960,12.474865,113,3266.81
57813,41.911725,12.474963,114,3294.09
57813,41.911768,12.475208,115,3314.92
57813,41.911803,12.475367,116,3328.59
57813,41.911867,12.475645,117,3352.66
57813,41.911838,12.475738,118,3361
57813,41.911910,12.475837,119,3372.38
57813,41.911855,12.475913,120,3381.18
57813,41.911833,12.475970,121,3386.45
57813,41.911820,12.476042,122,3392.56
57813,41.911823,12.476213,123,3406.78
57813,41.911825,12.476235,124,3408.58
57813,41.911837,12.476315,125,3415.33
57813,41.911872,12.476420,126,3424.85
57813,41.912080,12.476835,127,3466.25
57813,41.913237,12.479227,128,3702.15
57813,41.913725,12.480250,129,3802.69
57813,41.913745,12.480442,130,3818.71
57813,41.913738,12.480567,131,3829.09
57813,41.913752,12.480785,132,3847.22
57813,41.913540,12.481810,133,3935.27
57813,41.913408,12.482338,134,3981.38
57813,41.913288,12.482815,135,4023.03
57813,41.913243,12.482960,136,4036.03
57813,41.913163,12.483158,137,4054.69
57813,41.913117,12.483272,138,4065.4
57813,41.912548,12.484463,139,4182.46
57813,41.912478,12.484622,140,4197.7
57813,41.912467,12.484613,141,4199.16
57813,41.912448,12.484603,142,4201.36
57813,41.912425,12.484598,143,4203.98
57813,41.912392,12.484603,144,4207.69
57813,41.912377,12.484618,145,4209.77
57813,41.912360,12.484642,146,4212.44
57813,41.912342,12.484693,147,4217.18
57813,41.912340,12.484742,148,4221.18
57813,41.912355,12.484792,149,4225.65
57813,41.912373,12.484817,150,4228.55
57813,41.912387,12.484828,151,4230.31
57813,41.912425,12.484840,152,4234.67
57813,41.912462,12.484832,153,4238.79
57813,41.912498,12.484797,154,4243.78
57813,41.912513,12.484762,155,4247.12
57813,41.912515,12.484745,156,4248.52
57813,41.912500,12.484645,157,4256.96
57813,41.912478,12.484622,158,4260.04
57813,41.912548,12.484463,159,4275.28
57813,41.913117,12.483272,160,4392.34
57813,41.913163,12.483158,161,4403.05
57813,41.913243,12.482960,162,4421.71
57813,41.913288,12.482815,163,4434.71
57813,41.913408,12.482338,164,4476.36
57813,41.913540,12.481810,165,4522.47
57813,41.913752,12.480918,166,4599.93
57813,41.913738,12.480567,167,4629.09
57813,41.913745,12.480442,168,4639.46
57813,41.913725,12.480250,169,4655.48
57813,41.913237,12.479227,170,4756.02
57813,41.912080,12.476835,171,4991.92
57813,41.911872,12.476420,172,5033.32
57813,41.911837,12.476315,173,5042.84
57813,41.911825,12.476235,174,5049.59
57813,41.911823,12.476213,175,5051.39
57813,41.911820,12.476105,176,5060.37
57813,41.911833,12.475970,177,5071.64
57813,41.911855,12.475913,178,5076.91
57813,41.911910,12.475837,179,5085.72
57813,41.911867,12.475645,180,5102.3
57813,41.911803,12.475367,181,5126.39
57813,41.911860,12.475263,182,5137
57813,41.911768,12.475208,183,5148.08
57813,41.911725,12.474963,184,5168.82
57813,41.911960,12.474865,185,5195.97
57813,41.912052,12.474875,186,5206.11
57813,41.912353,12.474765,187,5240.58
57813,41.912743,12.474595,188,5285.81
57813,41.913490,12.474303,189,5371.58
57813,41.914267,12.473993,190,5460.95
57813,41.914582,12.473863,191,5497.3
57813,41.914743,12.473800,192,5515.88
57813,41.914972,12.473718,193,5541.94
57813,41.915120,12.474323,194,5594.38
57813,41.915165,12.474475,195,5607.83
57813,41.915833,12.474295,196,5683
57813,41.916187,12.474037,197,5727.55
57813,41.916553,12.473883,198,5770.06
57813,41.917407,12.473542,199,5868.63
57813,41.918240,12.473202,200,5965.04
57813,41.918732,12.472990,201,6022.2
57813,41.918842,12.472950,202,6034.81
57813,41.918952,12.472918,203,6047.26
57813,41.919103,12.472865,204,6064.62
57813,41.920227,12.472412,205,6194.46
57813,41.920515,12.472295,206,6227.79
57813,41.920813,12.472252,207,6261
57813,41.920800,12.472178,208,6267.15
57813,41.920920,12.472130,209,6280.83
57813,41.920950,12.472220,210,6288.86
57813,41.920975,12.472300,211,6295.93
57813,41.920992,12.472337,212,6299.43
57813,41.921045,12.472432,213,6309.12
57813,41.921077,12.472475,214,6314.06
57813,41.921103,12.472510,215,6318.13
57813,41.921143,12.472548,216,6323.5
57813,41.921188,12.472583,217,6329.18
57813,41.921205,12.472593,218,6331.18
57813,41.921247,12.472618,219,6336.16
57813,41.921290,12.472635,220,6341.08
57813,41.921333,12.472643,221,6345.86
57813,41.921517,12.472665,222,6365.94
57813,41.922675,12.472235,223,6497.13
57813,41.922883,12.472155,224,6520.79
57813,41.923360,12.471988,225,6574.55
57813,41.923620,12.471927,226,6603.37
57813,41.923677,12.471910,227,6609.7
57813,41.923817,12.471850,228,6625.75
57813,41.923977,12.471775,229,6644.25
57813,41.924240,12.471765,230,6673
57813,41.924397,12.471587,231,6695.76
57813,41.924632,12.471485,232,6723.09
57813,41.925900,12.470980,233,6869.55
57813,41.926722,12.470632,234,6964.94
57813,41.926987,12.470533,235,6995.37
57813,41.927095,12.470485,236,7008.01
57813,41.927203,12.470435,237,7020.7
57813,41.927272,12.470403,238,7028.7
57813,41.927353,12.470365,239,7038.28
57813,41.927705,12.470185,240,7079.95
57813,41.928348,12.469907,241,7154.78
57813,41.928718,12.469755,242,7197.6
57813,41.928972,12.469657,243,7226.8
57813,41.929017,12.469638,244,7232
57813,41.929065,12.469618,245,7237.6
57813,41.929298,12.469518,246,7264.72
57813,41.929400,12.469528,247,7276
57813,41.930137,12.469158,248,7363.38
57813,41.930190,12.469137,249,7369.57
57813,41.931460,12.468635,250,7516.63
57813,41.931595,12.468585,251,7532.18
57813,41.931847,12.468490,252,7561.22
57813,41.932297,12.468382,253,7612
57813,41.932785,12.468103,254,7670.79
57813,41.932857,12.468073,255,7679.11
57813,41.932947,12.468037,256,7689.53
57813,41.933050,12.467992,257,7701.57
57813,41.933098,12.467970,258,7707.22
57813,41.933198,12.467932,259,7718.74
57813,41.933273,12.467915,260,7727.16
57813,41.933332,12.467907,261,7733.66
57813,41.933428,12.467902,262,7744.38
57813,41.933562,12.467910,263,7759.17
57813,41.933603,12.467913,264,7763.79
57813,41.933702,12.467915,265,7774.68
57813,41.933757,12.467910,266,7780.79
57813,41.933767,12.467908,267,7781.91
57813,41.933930,12.467873,268,7800.23
57813,41.933960,12.467865,269,7803.63
57813,41.934128,12.467745,270,7824.75
57813,41.934182,12.467700,271,7831.74
57813,41.934345,12.467598,272,7851.69
57813,41.934425,12.467555,273,7861.25
57813,41.934513,12.467508,274,7871.77
57813,41.934588,12.467473,275,7880.57
57813,41.934573,12.467425,276,7884.9
57813,41.934550,12.467355,277,7891.24
57813,41.934460,12.467075,278,7916.45
57813,41.934373,12.466750,279,7945
57813,41.934265,12.466633,280,7960.26
57813,41.934148,12.466370,281,7985.35
57813,41.934012,12.466097,282,8012.3
57813,41.933908,12.466030,283,8024.89
57813,41.933818,12.465862,284,8041.85
57813,41.933605,12.465535,285,8077.41
57813,41.933353,12.465177,286,8117.73
57813,41.933150,12.464710,287,8162
57813,41.933015,12.464710,288,8176.78
57813,41.932965,12.464640,289,8184.69
57813,41.932935,12.464513,290,8195.55
57813,41.932703,12.464145,291,8234.91
57813,41.932330,12.463705,292,8289.35
57813,41.932238,12.463638,293,8300.76
57813,41.932137,12.463610,294,8312.13
57813,41.932037,12.463635,295,8323.26
57813,41.931845,12.463908,296,8353.91
57813,41.931393,12.464408,297,8418.05
57813,41.931353,12.464383,298,8422.88
57813,41.931298,12.464343,299,8429.73
57813,41.931248,12.464310,300,8435.84
57813,41.931188,12.464270,301,8443.18
57813,41.931130,12.464230,302,8450.35
57813,41.931083,12.464198,303,8456.08
57813,41.931033,12.464163,304,8462.25
57813,41.930978,12.464127,305,8468.98
57813,41.930920,12.464090,306,8476.03
57813,41.930693,12.464337,307,8508
57579,41.930693,12.464337,1,0
57579,41.930622,12.464515,2,16.7684
57579,41.930668,12.464567,3,23.4823
57579,41.930723,12.464625,4,31.2619
57579,41.930770,12.464672,5,37.72
57579,41.930812,12.464722,6,43.9236
57579,41.930862,12.464773,7,50.9264
57579,41.930908,12.464827,8,57.7292
57579,41.930958,12.464878,9,64.732
57579,41.931005,12.464928,10,71.3588
57579,41.931057,12.464983,11,78.6773
57579,41.931102,12.464927,12,85.5266
57579,41.931160,12.464913,13,92.0883
57579,41.931208,12.464888,14,97.8335
57579,41.931243,12.464858,15,102.441
57579,41.931530,12.464525,16,144.538
57579,41.932175,12.463777,17,239.165
57579,41.932837,12.464617,18,340.259
57579,41.932965,12.464640,19,354.62
57579,41.933015,12.464710,20,362.64
57579,41.933353,12.465177,21,416.495
57579,41.933605,12.465535,22,457.226
57579,41.933818,12.465862,23,493.158
57579,41.933908,12.466030,24,510.299
57579,41.933923,12.466130,25,518.744
57579,41.934088,12.466480,26,553.015
57579,41.934197,12.466690,27,574.148
57579,41.934257,12.466817,28,586.568
57579,41.934300,12.466922,29,596.501
57579,41.934357,12.467067,30,610.051
57579,41.934380,12.467137,31,616.398
57579,41.934323,12.467223,32,625.936
57579,41.934293,12.467257,33,630.258
57579,41.934238,12.467300,34,637.334
57579,41.934193,12.467332,35,642.971
57579,41.934110,12.467393,36,653.528
57579,41.934003,12.467387,37,665.368
57579,41.933522,12.467407,38,718.803
57579,41.933287,12.467403,39,744.862
57579,41.932912,12.467388,40,786.462
57579,41.932828,12.467385,41,795.706
57579,41.932760,12.467387,42,803.284
57579,41.932718,12.467392,43,807.923
57579,41.932638,12.467417,44,817.032
57579,41.932403,12.467507,45,844.134
57579,41.931988,12.467673,46,892.176
57579,41.931830,12.467730,47,910.348
57579,41.931772,12.467753,48,917.099
57579,41.931417,12.467895,49,958.173
57579,41.930352,12.468322,50,1081.44
57579,41.930155,12.468402,51,1104.23
57579,41.930037,12.468438,52,1117.69
57579,41.929985,12.468457,53,1123.62
57579,41.929928,12.468475,54,1130.08
57579,41.929878,12.468487,55,1135.71
57579,41.929777,12.468483,56,1146.99
57579,41.929507,12.468508,57,1177
57579,41.929265,12.468693,58,1207.63
57579,41.928890,12.468842,59,1250.65
57579,41.928553,12.468988,60,1289.61
57579,41.928505,12.469012,61,1295.26
57579,41.928228,12.469128,62,1327.18
57579,41.927982,12.469225,63,1355.46
57579,41.927795,12.469225,64,1376
57579,41.926750,12.469717,65,1498.57
57579,41.925707,12.470160,66,1619.69
57579,41.925227,12.470353,67,1675.16
57579,41.924993,12.470365,68,1701
57579,41.924437,12.470677,69,1767.81
57579,41.924185,12.470778,70,1796.91
57579,41.924038,12.470828,71,1813.67
57579,41.923683,12.470962,72,1854.5
57579,41.923562,12.471008,73,1868.51
57579,41.923315,12.471107,74,1897.01
57579,41.923270,12.471170,75,1904.24
57579,41.922922,12.471217,76,1943
57579,41.922655,12.471407,77,1975.89
57579,41.922097,12.471635,78,2039.47
57579,41.921520,12.471872,79,2105.15
57579,41.921142,12.472033,80,2148.39
57579,41.921033,12.471950,81,2162
57579,41.921013,12.472087,82,2173.32
57579,41.920920,12.472130,83,2184.07
57579,41.920800,12.472178,84,2197.71
57579,41.920515,12.472295,85,2230.14
57579,41.920227,12.472412,86,2262.92
57579,41.919103,12.472865,87,2390.6
57579,41.918952,12.472918,88,2407.67
57579,41.918842,12.472950,89,2419.91
57579,41.918732,12.472990,90,2432.32
57579,41.918343,12.473063,91,2475
57579,41.918240,12.473202,92,2491.09
57579,41.917407,12.473542,93,2587.03
57579,41.916553,12.473883,94,2685.12
57579,41.916187,12.474037,95,2727.42
57579,41.915448,12.474272,96,2811
57579,41.915165,12.474475,97,2846.61
57579,41.915120,12.474323,98,2860.12
57579,41.914972,12.473718,99,2912.81
57579,41.914962,12.473668,100,2917.09
57579,41.914947,12.473627,101,2920.92
57579,41.914790,12.473693,102,2939.13
57579,41.914250,12.473912,103,3001.62
57579,41.913828,12.474085,104,3050.49
57579,41.913692,12.474140,105,3066.3
57579,41.913473,12.474237,106,3091.78
57579,41.912727,12.474523,107,3177.83
57579,41.912328,12.474680,108,3223.82
57579,41.912020,12.474805,109,3259.51
57579,41.911960,12.474865,110,3267.81
57579,41.911725,12.474963,111,3295.09
57579,41.911768,12.475208,112,3315.92
57579,41.911803,12.475367,113,3329.59
57579,41.911867,12.475645,114,3353.66
57579,41.911838,12.475738,115,3362
918354,41.930693,12.464337,1,0
918354,41.930622,12.464515,2,16.5769
918354,41.930668,12.464567,3,23.2142
918354,41.930723,12.464625,4,30.9049
918354,41.930770,12.464672,5,37.2892
918354,41.930812,12.464722,6,43.422
918354,41.930862,12.464773,7,50.3449
918354,41.930908,12.464827,8,57.0699
918354,41.930958,12.464878,9,63.9927
918354,41.931005,12.464928,10,70.5439
918354,41.931057,12.464983,11,77.7788
918354,41.931102,12.464927,12,84.5498
918354,41.931160,12.464913,13,91.0367
918354,41.931208,12.464888,14,96.7163
918354,41.931243,12.464858,15,101.271
918354,41.931530,12.464525,16,142.887
918354,41.932175,12.463777,17,236.434
918354,41.932837,12.464617,18,336.374
918354,41.932965,12.464640,19,350.57
918354,41.933015,12.464710,20,358.499
918354,41.933353,12.465177,21,411.739
918354,41.933332,12.465273,22,420
918354,41.933605,12.465535,23,456.406
918354,41.933818,12.465862,24,491.518
918354,41.933908,12.466030,25,508.268
918354,41.933923,12.466130,26,516.521
918354,41.934088,12.466480,27,550.009
918354,41.934197,12.466690,28,570.66
918354,41.934257,12.466817,29,582.796
918354,41.934300,12.466922,30,592.503
918354,41.934268,12.466913,31,596
918354,41.934357,12.467067,32,611.763
918354,41.934380,12.467137,33,618.002
918354,41.934323,12.467223,34,627.378
918354,41.934293,12.467257,35,631.627
918354,41.934238,12.467300,36,638.583
918354,41.934193,12.467332,37,644.124
918354,41.934110,12.467393,38,654.502
918354,41.934003,12.467387,39,666.142
918354,41.933522,12.467407,40,718.67
918354,41.933287,12.467403,41,744.288
918354,41.932912,12.467388,42,785.182
918354,41.932828,12.467385,43,794.27
918354,41.932760,12.467387,44,801.72
918354,41.932718,12.467392,45,806.28
918354,41.932638,12.467417,46,815.234
918354,41.932403,12.467507,47,841.877
918354,41.931988,12.467673,48,889.103
918354,41.931830,12.467730,49,906.968
918354,41.931772,12.467753,50,913.604
918354,41.931417,12.467895,51,953.982
918354,41.931270,12.467823,52,971
918354,41.930352,12.468322,53,1080.64
918354,41.930155,12.468402,54,1103.38
918354,41.930037,12.468438,55,1116.82
918354,41.929985,12.468457,56,1122.73
918354,41.929928,12.468475,57,1129.18
918354,41.929878,12.468487,58,1134.8
918354,41.929777,12.468483,59,1146.05
918354,41.929507,12.468508,60,1176
918354,41.929265,12.468693,61,1206.63
918354,41.928890,12.468842,62,1249.65
918354,41.928553,12.468988,63,1288.61
918354,41.928505,12.469012,64,1294.26
918354,41.928228,12.469128,65,1326.18
918354,41.927982,12.469225,66,1354.46
918354,41.927795,12.469225,67,1375
918354,41.926750,12.469717,68,1497.57
918354,41.925707,12.470160,69,1618.69
918354,41.925227,12.470353,70,1674.16
918354,41.924993,12.470365,71,1700
918354,41.924437,12.470677,72,1766.81
918354,41.924185,12.470778,73,1795.91
918354,41.924038,12.470828,74,1812.67
918354,41.923683,12.470962,75,1853.5
918354,41.923562,12.471008,76,1867.51
918354,41.923315,12.471107,77,1896.01
918354,41.923270,12.471170,78,1903.24
918354,41.922922,12.471217,79,1942
918354,41.922655,12.471407,80,1974.89
918354,41.922097,12.471635,81,2038.47
918354,41.921520,12.471872,82,2104.15
918354,41.921142,12.472033,83,2147.39
918354,41.921033,12.471950,84,2161
918354,41.921013,12.472087,85,2172.32
918354,41.920920,12.472130,86,2183.07
918354,41.920800,12.472178,87,2196.71
918354,41.920515,12.472295,88,2229.14
918354,41.920227,12.472412,89,2261.92
918354,41.919103,12.472865,90,2389.6
918354,41.918952,12.472918,91,2406.67
918354,41.918842,12.472950,92,2418.91
918354,41.918732,12.472990,93,2431.32
918354,41.918343,12.473063,94,2474
918354,41.918240,12.473202,95,2490.09
918354,41.917407,12.473542,96,2586.03
918354,41.916553,12.473883,97,2684.12
918354,41.916187,12.474037,98,2726.42
918354,41.915448,12.474272,99,2810
918354,41.915165,12.474475,100,2845.61
918354,41.915120,12.474323,101,2859.12
918354,41.914972,12.473718,102,2911.81
918354,41.914962,12.473668,103,2916.09
918354,41.914947,12.473627,104,2919.92
918354,41.914790,12.473693,105,2938.13
918354,41.914250,12.473912,106,3000.62
918354,41.913828,12.474085,107,3049.49
918354,41.913692,12.474140,108,3065.3
918354,41.913473,12.474237,109,3090.78
918354,41.912727,12.474523,110,3176.83
918354,41.912328,12.474680,111,3222.82
918354,41.912020,12.474805,112,3258.51
918354,41.911960,12.474865,113,3266.81
918354,41.911725,12.474963,114,3294.09
918354,41.911768,12.475208,115,3314.92
918354,41.911803,12.475367,116,3328.59
918354,41.911867,12.475645,117,3352.66
918354,41.911838,12.475738,118,3361
918354,41.911910,12.475837,119,3372.38
918354,41.911855,12.475913,120,3381.18
918354,41.911833,12.475970,121,3386.45
918354,41.911820,12.476042,122,3392.56
918354,41.911823,12.476213,123,3406.78
918354,41.911825,12.476235,124,3408.58
918354,41.911837,12.476315,125,3415.33
918354,41.911872,12.476420,126,3424.85
918354,41.912080,12.476835,127,3466.25
918354,41.913237,12.479227,128,3702.15
918354,41.913725,12.480250,129,3802.69
918354,41.913745,12.480442,130,3818.71
918354,41.913738,12.480567,131,3829.09
918354,41.913752,12.480785,132,3847.22
918354,41.913540,12.481810,133,3935.27
918354,41.913408,12.482338,134,3981.38
918354,41.913288,12.482815,135,4023.03
918354,41.913243,12.482960,136,4036.03
918354,41.913163,12.483158,137,4054.69
918354,41.913117,12.483272,138,4065.4
918354,41.912548,12.484463,139,4182.46
918354,41.912478,12.484622,140,4197.7
918354,41.912467,12.484613,141,4199.16
918354,41.912448,12.484603,142,4201.36
918354,41.912425,12.484598,143,4203.98
918354,41.912392,12.484603,144,4207.69
918354,41.912377,12.484618,145,4209.77
918354,41.912360,12.484642,146,4212.44
918354,41.912342,12.484693,147,4217.18
918354,41.912340,12.484742,148,4221.18
918354,41.912355,12.484792,149,4225.65
918354,41.912373,12.484817,150,4228.55
918354,41.912387,12.484828,151,4230.31
918354,41.912425,12.484840,152,4234.67
918354,41.912462,12.484832,153,4238.79
918354,41.912498,12.484797,154,4243.78
918354,41.912513,12.484762,155,4247.12
918354,41.912515,12.484745,156,4248.52
918354,41.912500,12.484645,157,4256.96
918354,41.912478,12.484622,158,4260.04
918354,41.912548,12.484463,159,4275.28
918354,41.913117,12.483272,160,4392.34
918354,41.913163,12.483158,161,4403.05
918354,41.913243,12.482960,162,4421.71
918354,41.913288,12.482815,163,4434.71
918354,41.913408,12.482338,164,4476.36
918354,41.913540,12.481810,165,4522.47
918354,41.913752,12.480918,166,4599.93
918354,41.913738,12.480567,167,4629.09
918354,41.913745,12.480442,168,4639.46
918354,41.913725,12.480250,169,4655.48
918354,41.913237,12.479227,170,4756.02
918354,41.912080,12.476835,171,4991.92
918354,41.911872,12.476420,172,5033.32
918354,41.911837,12.476315,173,5042.84
918354,41.911825,12.476235,174,5049.59
918354,41.911823,12.476213,175,5051.39
918354,41.911820,12.476105,176,5060.37
918354,41.911833,12.475970,177,5071.64
918354,41.911855,12.475913,178,5076.91
918354,41.911910,12.475837,179,5085.72
918354,41.911867,12.475645,180,5102.3
918354,41.911803,12.475367,181,5126.39
918354,41.911860,12.475263,182,5137
918354,41.911768,12.475208,183,5148.09
918354,41.911725,12.474963,184,5168.86
918354,41.911960,12.474865,185,5196.04
918354,41.912052,12.474875,186,5206.19
918354,41.912353,12.474765,187,5240.72
918354,41.912743,12.474595,188,5286
918354,41.913490,12.474303,189,5371.88
918354,41.914267,12.473993,190,5461.36
918354,41.914582,12.473863,191,5497.76
918354,41.914743,12.473800,192,5516.36
918354,41.914972,12.473718,193,5542.45
918354,41.915120,12.474323,194,5594.96
918354,41.915165,12.474475,195,5608.42
918354,41.915823,12.474337,196,5682
918354,41.916187,12.474037,197,5729.15
918354,41.916553,12.473883,198,5771.58
918354,41.917407,12.473542,199,5869.96
918354,41.917880,12.473433,200,5923
918354,41.918240,12.473202,201,5967.23
918354,41.918732,12.472990,202,6024.43
918354,41.918842,12.472950,203,6037.05
918354,41.918862,12.473122,204,6051.42
918354,41.918897,12.473398,205,6074.63
918354,41.918950,12.473457,206,6082.26
918354,41.919003,12.473487,207,6088.66
918354,41.919080,12.473505,208,6097.29
918354,41.919125,12.473518,209,6102.39
918354,41.919187,12.473525,210,6109.24
918354,41.919282,12.473522,211,6119.77
918354,41.919610,12.473397,212,6157.57
918354,41.919835,12.473308,213,6183.54
918354,41.920142,12.473207,214,6218.52
918354,41.920300,12.473158,215,6236.51
918354,41.920497,12.473085,216,6259.12
918354,41.921092,12.472865,217,6327.47
918354,41.921273,12.472792,218,6348.49
918354,41.921362,12.472753,219,6358.77
918354,41.921417,12.472725,220,6365.3
918354,41.921517,12.472665,221,6377.43
918354,41.922675,12.472235,222,6510.55
918354,41.922883,12.472155,223,6534.55
918354,41.923360,12.471988,224,6589.11
918354,41.923620,12.471927,225,6618.35
918354,41.923677,12.471910,226,6624.77
918354,41.923817,12.471850,227,6641.05
918354,41.923977,12.471775,228,6659.83
918354,41.924240,12.471765,229,6689
918354,41.924397,12.471587,230,6711.76
918354,41.924632,12.471485,231,6739.09
918354,41.925900,12.470980,232,6885.55
918354,41.926722,12.470632,233,6980.94
918354,41.926987,12.470533,234,7011.37
918354,41.927095,12.470485,235,7024.01
918354,41.927203,12.470435,236,7036.7
918354,41.927272,12.470403,237,7044.7
918354,41.927353,12.470365,238,7054.28
918354,41.927705,12.470185,239,7095.95
918354,41.928348,12.469907,240,7170.78
918354,41.928718,12.469755,241,7213.6
918354,41.928972,12.469657,242,7242.8
918354,41.929017,12.469638,243,7248
918354,41.929065,12.469618,244,7253.6
918354,41.929298,12.469518,245,7280.72
918354,41.929400,12.469528,246,7292
918354,41.930137,12.469158,247,7379.38
918354,41.930190,12.469137,248,7385.57
918354,41.931460,12.468635,249,7532.63
918354,41.931595,12.468585,250,7548.18
918354,41.931847,12.468490,251,7577.22
918354,41.932297,12.468382,252,7628
918354,41.932785,12.468103,253,7686.79
918354,41.932857,12.468073,254,7695.11
918354,41.932947,12.468037,255,7705.53
918354,41.933050,12.467992,256,7717.57
918354,41.933098,12.467970,257,7723.22
918354,41.933198,12.467932,258,7734.74
918354,41.933273,12.467915,259,7743.16
918354,41.933332,12.467907,260,7749.66
918354,41.933428,12.467902,261,7760.38
918354,41.933562,12.467910,262,7775.17
918354,41.933603,12.467913,263,7779.79
918354,41.933702,12.467915,264,7790.68
918354,41.933757,12.467910,265,7796.79
918354,41.933767,12.467908,266,7797.91
918354,41.933930,12.467873,267,7816.23
918354,41.933960,12.467865,268,7819.63
918354,41.934128,12.467745,269,7840.75
918354,41.934182,12.467700,270,7847.74
918354,41.934345,12.467598,271,7867.69
918354,41.934425,12.467555,272,7877.25
918354,41.934513,12.467508,273,7887.77
918354,41.934588,12.467473,274,7896.57
918354,41.934573,12.467425,275,7900.9
918354,41.934550,12.467355,276,7907.24
918354,41.934460,12.467075,277,7932.45
918354,41.934373,12.466750,278,7961
918354,41.934265,12.466633,279,7976.26
918354,41.934148,12.466370,280,8001.35
918354,41.934012,12.466097,281,8028.3
918354,41.933908,12.466030,282,8040.89
918354,41.933818,12.465862,283,8057.85
918354,41.933605,12.465535,284,8093.41
918354,41.933353,12.465177,285,8133.73
918354,41.933150,12.464710,286,8178
918354,41.933015,12.464710,287,8192.78
918354,41.932965,12.464640,288,8200.69
918354,41.932935,12.464513,289,8211.55
918354,41.932703,12.464145,290,8250.91
918354,41.932330,12.463705,291,8305.35
918354,41.932238,12.463638,292,8316.76
918354,41.932137,12.463610,293,8328.13
918354,41.932037,12.463635,294,8339.26
918354,41.931845,12.463908,295,8369.91
918354,41.931393,12.464408,296,8434.05
918354,41.931353,12.464383,297,8438.88
918354,41.931298,12.464343,298,8445.73
918354,41.931248,12.464310,299,8451.84
918354,41.931188,12.464270,300,8459.18
918354,41.931130,12.464230,301,8466.35
918354,41.931083,12.464198,302,8472.08
918354,41.931033,12.464163,303,8478.25
918354,41.930978,12.464127,304,8484.98
918354,41.930920,12.464090,305,8492.03
918354,41.930693,12.464337,306,8524
918355,41.930693,12.464337,1,0
918355,41.930622,12.464515,2,16.5769
918355,41.930668,12.464567,3,23.2142
918355,41.930723,12.464625,4,30.9049
918355,41.930770,12.464672,5,37.2892
918355,41.930812,12.464722,6,43.422
918355,41.930862,12.464773,7,50.3449
918355,41.930908,12.464827,8,57.0699
918355,41.930958,12.464878,9,63.9927
918355,41.931005,12.464928,10,70.5439
918355,41.931057,12.464983,11,77.7788
918355,41.931102,12.464927,12,84.5498
918355,41.931160,12.464913,13,91.0367
918355,41.931208,12.464888,14,96.7163
918355,41.931243,12.464858,15,101.271
918355,41.931530,12.464525,16,142.887
918355,41.932175,12.463777,17,236.434
918355,41.932837,12.464617,18,336.374
918355,41.932965,12.464640,19,350.57
918355,41.933015,12.464710,20,358.499
918355,41.933353,12.465177,21,411.739
918355,41.933332,12.465273,22,420
918355,41.933818,12.465862,23,492.48
918355,41.933908,12.466030,24,509.57
918355,41.933923,12.466130,25,517.99
918355,41.934088,12.466480,26,552.158
918355,41.934085,12.466532,27,556.439
918355,41.934180,12.466678,28,572.467
918355,41.934205,12.466705,29,576
918355,41.934300,12.466922,30,591.358
918355,41.934268,12.466913,31,594
918355,41.934357,12.467067,32,609.763
918355,41.934380,12.467137,33,616.002
918355,41.934323,12.467223,34,625.378
918355,41.934293,12.467257,35,629.627
918355,41.934238,12.467300,36,636.583
918355,41.934193,12.467332,37,642.124
918355,41.934110,12.467393,38,652.502
918355,41.934003,12.467387,39,664.142
918355,41.933522,12.467407,40,716.67
918355,41.933287,12.467403,41,742.288
918355,41.932912,12.467388,42,783.182
918355,41.932828,12.467385,43,792.27
918355,41.932760,12.467387,44,799.72
918355,41.932718,12.467392,45,804.28
918355,41.932638,12.467417,46,813.234
918355,41.932403,12.467507,47,839.877
918355,41.931988,12.467673,48,887.103
918355,41.931830,12.467730,49,904.968
918355,41.931772,12.467753,50,911.604
918355,41.931417,12.467895,51,951.982
918355,41.931270,12.467823,52,969
918355,41.930352,12.468322,53,1078.64
918355,41.930155,12.468402,54,1101.38
918355,41.930037,12.468438,55,1114.82
918355,41.929985,12.468457,56,1120.73
918355,41.929928,12.468475,57,1127.18
918355,41.929878,12.468487,58,1132.8
918355,41.929777,12.468483,59,1144.05
918355,41.929507,12.468508,60,1174
918355,41.929265,12.468693,61,1204.63
918355,41.928890,12.468842,62,1247.65
918355,41.928553,12.468988,63,1286.61
918355,41.928505,12.469012,64,1292.26
918355,41.928228,12.469128,65,1324.18
918355,41.927982,12.469225,66,1352.46
918355,41.927795,12.469225,67,1373
918355,41.926750,12.469717,68,1495.57
918355,41.925707,12.470160,69,1616.69
918355,41.925227,12.470353,70,1672.16
918355,41.924993,12.470365,71,1698
918355,41.924437,12.470677,72,1764.81
918355,41.924185,12.470778,73,1793.91
918355,41.924038,12.470828,74,1810.67
918355,41.923683,12.470962,75,1851.5
918355,41.923562,12.471008,76,1865.51
918355,41.923315,12.471107,77,1894.01
918355,41.923270,12.471170,78,1901.24
918355,41.922922,12.471217,79,1940
918355,41.922655,12.471407,80,1972.89
918355,41.922097,12.471635,81,2036.47
918355,41.921520,12.471872,82,2102.15
918355,41.921142,12.472033,83,2145.39
918355,41.921033,12.471950,84,2159
918355,41.921013,12.472087,85,2170.1
918355,41.920920,12.472130,86,2180.65
918355,41.920800,12.472178,87,2194.02
918355,41.920515,12.472295,88,2225.84
918355,41.920370,12.472353,89,2242
918355,41.920227,12.472412,90,2258.5
918355,41.919580,12.472575,91,2331
918355,41.919103,12.472865,92,2388.23
918355,41.918952,12.472918,93,2405.37
918355,41.918842,12.472950,94,2417.67
918355,41.918732,12.472990,95,2430.13
918355,41.918343,12.473063,96,2473
918355,41.918240,12.473202,97,2489.09
918355,41.917407,12.473542,98,2585.03
918355,41.916553,12.473883,99,2683.12
918355,41.916187,12.474037,100,2725.42
918355,41.915448,12.474272,101,2809
918355,41.915165,12.474475,102,2841.96
918355,41.915120,12.474323,103,2854.46
918355,41.914972,12.473718,104,2903.23
918355,41.914962,12.473668,105,2907.19
918355,41.914947,12.473627,106,2910.74
918355,41.914398,12.473768,107,2968
918355,41.914250,12.473912,108,2988.11
918355,41.913828,12.474085,109,3036.59
918355,41.913692,12.474140,110,3052.27
918355,41.913582,12.474188,111,3065
918355,41.913473,12.474237,112,3077.66
918355,41.912727,12.474523,113,3163.75
918355,41.912328,12.474680,114,3209.76
918355,41.912020,12.474805,115,3245.47
918355,41.911960,12.474865,116,3253.77
918355,41.911725,12.474963,117,3281.06
918355,41.911768,12.475208,118,3301.9
918355,41.911803,12.475367,119,3315.57
918355,41.911867,12.475645,120,3339.66
918355,41.911838,12.475738,121,3348
