shape_id,shape_pt_lat,shape_pt_lon,shape_pt_sequence,shape_dist_traveled
58824,41.930940,12.464707,1,0
58824,41.930908,12.464827,2,10.4212
58824,41.930958,12.464878,3,17.3462
58824,41.931005,12.464928,4,23.8995
58824,41.931057,12.464983,5,31.1368
58824,41.931102,12.464927,6,37.91
58824,41.931218,12.464672,7,62.3969
58824,41.931257,12.464600,8,69.6151
58824,41.931288,12.464552,9,74.88
58824,41.931393,12.464408,10,91.3207
58824,41.931845,12.463908,11,155.578
58824,41.932037,12.463635,12,186.279
58824,41.932175,12.463777,13,205.374
58824,41.932837,12.464617,14,305.347
58824,41.932965,12.464640,15,319.548
58824,41.933015,12.464710,16,327.479
58824,41.933353,12.465177,17,380.736
58824,41.933332,12.465273,18,389
58824,41.933605,12.465535,19,425.406
58824,41.933818,12.465862,20,460.518
58824,41.933908,12.466030,21,477.268
58824,41.933923,12.466130,22,485.521
58824,41.934088,12.466480,23,519.009
58824,41.934197,12.466690,24,539.66
58824,41.934257,12.466817,25,551.796
58824,41.934300,12.466922,26,561.503
58824,41.934268,12.466913,27,565
58824,41.934357,12.467067,28,580.763
58824,41.934380,12.467137,29,587.002
58824,41.934323,12.467223,30,596.378
58824,41.934293,12.467257,31,600.627
58824,41.934238,12.467300,32,607.583
58824,41.934193,12.467332,33,613.124
58824,41.934110,12.467393,34,623.502
58824,41.934003,12.467387,35,635.142
58824,41.933522,12.467407,36,687.67
58824,41.933287,12.467403,37,713.288
58824,41.932912,12.467388,38,754.182
58824,41.932828,12.467385,39,763.27
58824,41.932760,12.467387,40,770.72
58824,41.932718,12.467392,41,775.28
58824,41.932638,12.467417,42,784.234
58824,41.932403,12.467507,43,810.877
58824,41.931988,12.467673,44,858.103
58824,41.931830,12.467730,45,875.968
58824,41.931772,12.467753,46,882.604
58824,41.931417,12.467895,47,922.982
58824,41.931270,12.467823,48,940
58824,41.930352,12.468322,49,1049.64
58824,41.930155,12.468402,50,1072.38
58824,41.930037,12.468438,51,1085.82
58824,41.929985,12.468457,52,1091.73
58824,41.929928,12.468475,53,1098.18
58824,41.929878,12.468487,54,1103.8
58824,41.929777,12.468483,55,1115.05
58824,41.929507,12.468508,56,1145
58824,41.929265,12.468693,57,1175.85
58824,41.928890,12.468842,58,1219.2
58824,41.928553,12.468988,59,1258.44
58824,41.928580,12.469110,60,1268.93
58824,41.928700,12.469682,61,1318.09
58824,41.928718,12.469755,62,1324.49
58824,41.928972,12.469657,63,1353.72
58824,41.929017,12.469638,64,1358.94
58824,41.929065,12.469618,65,1364.54
58824,41.929298,12.469518,66,1391.7
58824,41.929400,12.469528,67,1403
58824,41.930137,12.469158,68,1489.96
58824,41.930190,12.469137,69,1496.12
58824,41.931460,12.468635,70,1642.46
58824,41.931495,12.468803,71,1656.89
58824,41.931543,12.469042,72,1677.27
58824,41.931697,12.469792,73,1741.44
58824,41.931785,12.470347,74,1788.28
58824,41.931848,12.470733,75,1820.95
58824,41.931870,12.470863,76,1831.94
58824,41.931893,12.471018,77,1844.99
58824,41.931917,12.471343,78,1871.94
58824,41.931958,12.471797,79,1909.63
58824,41.931998,12.472157,80,1939.67
58824,41.932013,12.472348,81,1955.58
58824,41.931972,12.472475,82,1967
58824,41.932030,12.472562,83,1976.64
58824,41.932055,12.472798,84,1996.38
58824,41.930033,12.473107,85,2221.45
58824,41.930067,12.473642,86,2265.79
58824,41.930128,12.474750,87,2357.59
58824,41.930120,12.475082,88,2385
58824,41.930168,12.475172,89,2394.15
58824,41.930203,12.475475,90,2419.49
58824,41.930232,12.475825,91,2448.55
58824,41.930228,12.475922,92,2456.54
58824,41.930225,12.476005,93,2463.43
58824,41.930217,12.476080,94,2469.69
58824,41.930198,12.476198,95,2479.67
58824,41.930188,12.476305,96,2488.54
58824,41.930143,12.476313,97,2493.57
58824,41.930125,12.476323,98,2495.75
58824,41.930107,12.476350,99,2498.75
58824,41.930095,12.476402,100,2503.2
58824,41.930092,12.476450,101,2507.21
58824,41.930095,12.476542,102,2514.79
58824,41.930103,12.476560,103,2516.56
58824,41.930125,12.476587,104,2519.81
58824,41.930072,12.476670,105,2528.87
58824,41.930027,12.476738,106,2536.39
58824,41.929958,12.476822,107,2546.61
58824,41.929863,12.476877,108,2558.05
58824,41.929788,12.476913,109,2566.88
58824,41.929612,12.476997,110,2587.59
58824,41.929503,12.477050,111,2600.35
58824,41.929328,12.477130,112,2620.79
58824,41.929102,12.477228,113,2647.13
58824,41.929007,12.477272,114,2658.23
58824,41.928937,12.477308,115,2666.53
58824,41.928698,12.477417,116,2694.36
58824,41.928672,12.477432,117,2697.56
58824,41.928652,12.477443,118,2699.97
58824,41.928638,12.477458,119,2701.89
58824,41.928617,12.477495,120,2705.75
58824,41.928585,12.477580,121,2713.6
58824,41.928537,12.477720,122,2726.33
58824,41.928443,12.477953,123,2748.18
58824,41.928397,12.478030,124,2756.35
58824,41.928315,12.478193,125,2772.58
58824,41.927942,12.478777,126,2836
58824,41.927408,12.479955,127,2950.01
58824,41.927082,12.480573,128,3012.68
58824,41.927053,12.480618,129,3017.55
58824,41.926993,12.480693,130,3026.64
58824,41.926988,12.480700,131,3027.42
58824,41.926955,12.480733,132,3032.03
58824,41.926860,12.480815,133,3044.54
58824,41.926845,12.480830,134,3046.62
58824,41.926800,12.480880,135,3053.1
58824,41.926775,12.480918,136,3057.31
58824,41.926747,12.480990,137,3064.02
58824,41.926707,12.481147,138,3077.72
58824,41.926692,12.481288,139,3089.56
58824,41.926698,12.481427,140,3101.03
58824,41.926755,12.481487,141,3109.03
58824,41.926803,12.481535,142,3115.71
58824,41.926860,12.481583,143,3123.16
58824,41.926888,12.481602,144,3126.64
58824,41.926977,12.481650,145,3137.22
58824,41.927083,12.481698,146,3149.69
58824,41.927162,12.481738,147,3158.98
58824,41.927540,12.481937,148,3204
58824,41.928360,12.482163,149,3296.42
58824,41.928520,12.482280,150,3316.52
58824,41.928637,12.482438,151,3334.86
58824,41.928698,12.482515,152,3344.15
58824,41.928753,12.482592,153,3352.91
58824,41.928807,12.482673,154,3361.85
58824,41.928955,12.482908,155,3387.21
58824,41.929025,12.483027,156,3399.66
58824,41.929097,12.483138,157,3411.79
58824,41.929158,12.483233,158,3422.17
58824,41.929257,12.483408,159,3440.22
58824,41.929328,12.483533,160,3453.21
58824,41.929395,12.483662,161,3466.09
58824,41.929433,12.483750,162,3474.51
58824,41.929460,12.483807,163,3480.03
58824,41.929522,12.483965,164,3494.75
58824,41.929577,12.484102,165,3507.55
58824,41.929602,12.484177,166,3514.32
58824,41.929602,12.484403,167,3533
58824,41.929692,12.484437,168,3543.04
58824,41.929715,12.484512,169,3549.56
58824,41.929732,12.484563,170,3554.08
58824,41.929747,12.484618,171,3558.78
58824,41.929762,12.484690,172,3564.75
58824,41.929768,12.484748,173,3569.49
58824,41.929767,12.484853,174,3577.92
58824,41.929765,12.484873,175,3579.53
58824,41.929755,12.484937,176,3584.73
58824,41.929742,12.484998,177,3589.88
58824,41.929718,12.485093,178,3597.91
58824,41.929635,12.485365,179,3621.49
58824,41.929640,12.485418,180,3625.8
58824,41.929588,12.485535,181,3636.69
58824,41.929558,12.485583,182,3641.73
58824,41.929517,12.485640,183,3648.12
58824,41.929470,12.485700,184,3655.07
58824,41.929417,12.485753,185,3662.23
58824,41.929355,12.485805,186,3670.05
58824,41.929278,12.485858,187,3679.33
58824,41.929227,12.485893,188,3685.56
58824,41.929175,12.485925,189,3691.66
58824,41.929100,12.485965,190,3700.34
58824,41.929057,12.485925,191,3706
58824,41.929015,12.486013,192,3714.59
58824,41.928768,12.486148,193,3743.92
58824,41.928520,12.486245,194,3772.38
58824,41.928385,12.486293,195,3787.77
58824,41.928233,12.486327,196,3804.68
58824,41.928147,12.486340,197,3814.29
58824,41.928045,12.486350,198,3825.51
58824,41.927880,12.486347,199,3843.67
58824,41.927822,12.486342,200,3850.1
58824,41.927757,12.486328,201,3857.34
58824,41.927618,12.486295,202,3872.81
58824,41.927285,12.486192,203,3910.47
58824,41.927082,12.486123,204,3933.55
58824,41.926978,12.486112,205,3944.96
58824,41.926873,12.486122,206,3956.55
58824,41.926772,12.486138,207,3967.83
58824,41.926695,12.486158,208,3976.42
58824,41.926592,12.486197,209,3988.23
58824,41.926467,12.486262,210,4002.99
58824,41.926213,12.486447,211,4034.75
58824,41.926157,12.486402,212,4042
58824,41.926112,12.486500,213,4051.36
58824,41.925965,12.486595,214,4069.07
58824,41.925918,12.486612,215,4074.32
58824,41.925875,12.486638,216,4079.5
58824,41.925840,12.486673,217,4084.25
58824,41.925813,12.486713,218,4088.6
58824,41.925790,12.486757,219,4092.94
58824,41.925765,12.486823,220,4098.99
58824,41.925752,12.486873,221,4103.3
58824,41.925748,12.486890,222,4104.7
58824,41.925745,12.486950,223,4109.59
58824,41.925755,12.487013,224,4114.84
58824,41.925758,12.487237,225,4132.97
58824,41.925638,12.487723,226,4174.57
58824,41.925563,12.488027,227,4200.51
58824,41.925422,12.488580,228,4247.98
58824,41.925253,12.489257,229,4305.88
58824,41.925218,12.489342,230,4313.75
58824,41.925145,12.489457,231,4326.03
58824,41.925042,12.489570,232,4340.55
58824,41.924902,12.489717,233,4359.87
58824,41.924698,12.489940,234,4388.45
58824,41.924603,12.489913,235,4399
58824,41.924490,12.490153,236,4422.08
58824,41.924312,12.490322,237,4445.84
58824,41.923783,12.490882,238,4519.19
58824,41.923662,12.491003,239,4535.72
58824,41.923548,12.491117,240,4551.12
58824,41.923478,12.491200,241,4561.31
58824,41.923295,12.491390,242,4586.55
58824,41.923190,12.491382,243,4598
58824,41.923200,12.491482,244,4606.24
58824,41.923135,12.491550,245,4615.27
58824,41.923055,12.491625,246,4625.95
58824,41.922838,12.491850,247,4655.93
58824,41.922625,12.492073,248,4685.54
58824,41.922542,12.492158,249,4697
58824,41.922472,12.492228,250,4706.55
58824,41.922427,12.492275,251,4712.77
58824,41.922343,12.492438,252,4728.93
58824,41.922328,12.492482,253,4732.83
58824,41.922290,12.492587,254,4742.37
58824,41.922220,12.492810,255,4762.15
58824,41.922208,12.492847,256,4765.4
58824,41.922200,12.492872,257,4767.64
58824,41.922177,12.492937,258,4773.53
58824,41.921793,12.494053,259,4873.89
58824,41.921760,12.494077,260,4878
58824,41.921708,12.494303,261,4897.59
58824,41.921682,12.494380,262,4904.58
58824,41.921673,12.494403,263,4906.72
58824,41.921437,12.495118,264,4971.35
58824,41.921395,12.495258,265,4983.81
58824,41.921345,12.495417,266,4998.02
58824,41.921203,12.495878,267,5039.27
58824,41.921097,12.496170,268,5066.11
58824,41.921000,12.496430,269,5090.12
58824,41.920938,12.496592,270,5105.12
58824,41.920883,12.496668,271,5113.91
58824,41.920767,12.496835,272,5132.79
58824,41.920565,12.497023,273,5160
58824,41.920552,12.497110,274,5167.3
58824,41.920242,12.497515,275,5215.15
58824,41.920138,12.497643,276,5230.72
58824,41.920115,12.497607,277,5234.7
58824,41.920025,12.497483,278,5248.93
58824,41.919943,12.497373,279,5261.73
58824,41.919672,12.496977,280,5306.13
58824,41.919538,12.496690,281,5334
58824,41.919008,12.496050,282,5412.88
58824,41.918940,12.495947,283,5424.27
58824,41.918740,12.495667,284,5456.25
58824,41.918643,12.495537,285,5471.39
58824,41.917712,12.495222,286,5577.59
58824,41.917220,12.495988,287,5661
58824,41.917138,12.496227,288,5682.51
58824,41.916763,12.495698,289,5742.32
58824,41.916585,12.495470,290,5769.42
58824,41.916190,12.494975,291,5828.86
58824,41.916258,12.494873,292,5840.08
58824,41.916327,12.494775,293,5851.1
58824,41.916702,12.494195,294,5914.04
58824,41.916707,12.494117,295,5920.49
58824,41.916703,12.494048,296,5926.11
58824,41.916692,12.494012,297,5929.38
58824,41.916648,12.493978,298,5934.87
58824,41.916558,12.493942,299,5945.2
58824,41.916347,12.494043,300,5969.91
58824,41.916213,12.494105,301,5985.4
58824,41.916012,12.494138,302,6007.72
58824,41.915795,12.494157,303,6031.57
58824,41.915443,12.494135,304,6070.25
58824,41.915305,12.494110,305,6085.58
58824,41.914718,12.493967,306,6151.09
58824,41.914670,12.493810,307,6165
58824,41.914235,12.493850,308,6213.17
58824,41.914080,12.493812,309,6230.58
58824,41.913513,12.493393,310,6302.06
58824,41.913473,12.493358,311,6307.34
58824,41.913447,12.493297,312,6313.22
58824,41.913282,12.493185,313,6333.65
58824,41.913140,12.493085,314,6351.34
58824,41.912328,12.492522,315,6452.33
58824,41.912240,12.492460,316,6463.34
58824,41.911987,12.492233,317,6497
58824,41.911957,12.492260,318,6500.97
58824,41.911903,12.492250,319,6506.91
58824,41.911872,12.492227,320,6510.9
58824,41.911743,12.492127,321,6527.28
58824,41.911315,12.491778,322,6582.55
58824,41.911222,12.491652,323,6597.21
58824,41.910902,12.491060,324,6657.39
58824,41.910890,12.490962,325,6665.59
58824,41.910208,12.489687,326,6794.77
58824,41.910000,12.489305,327,6833.71
58824,41.909943,12.489215,328,6843.41
58824,41.909915,12.489163,329,6848.69
58824,41.909813,12.488515,330,6903.27
58824,41.909797,12.488398,331,6913.06
58824,41.909718,12.488292,332,6925.38
58824,41.909630,12.488237,333,6936.13
58824,41.909590,12.488228,334,6940.59
58824,41.909555,12.488230,335,6944.45
58824,41.909502,12.488243,336,6950.44
58824,41.909447,12.488260,337,6956.66
58824,41.909395,12.488285,338,6962.72
58824,41.909350,12.488317,339,6968.32
58824,41.909335,12.488330,340,6970.31
58824,41.909305,12.488360,341,6974.44
58824,41.909228,12.488465,342,6986.54
58824,41.908747,12.488830,343,7047.58
58824,41.908207,12.489057,344,7110
58824,41.908103,12.489320,345,7134.29
58824,41.907335,12.489943,346,7232.52
58824,41.906963,12.490225,347,7279.22
58824,41.906882,12.490277,348,7289.1
58824,41.906838,12.490295,349,7294.07
58824,41.906768,12.490318,350,7301.95
58824,41.906648,12.490347,351,7315.28
58824,41.906570,12.490353,352,7323.86
58824,41.906510,12.490335,353,7330.59
58824,41.906467,12.490312,354,7335.7
58824,41.906400,12.490267,355,7343.86
58824,41.906357,12.490225,356,7349.69
58824,41.906315,12.490182,357,7355.46
58824,41.906042,12.489613,358,7410.67
58824,41.905972,12.489400,359,7429.7
58824,41.905970,12.489375,360,7431.75
58824,41.905787,12.488727,361,7488.37
58824,41.905830,12.488597,362,7500
58824,41.905703,12.488450,363,7518.17
58824,41.905650,12.488345,364,7528.46
58824,41.905572,12.488245,365,7540.2
58824,41.905498,12.488185,366,7549.53
58824,41.905407,12.488133,367,7560.32
58824,41.905293,12.488087,368,7573.18
58824,41.905143,12.488050,369,7589.73
58824,41.905047,12.488083,370,7600.56
58824,41.904717,12.488282,371,7639.8
58824,41.904357,12.488443,372,7681
58824,41.904118,12.488735,373,7716.72
58824,41.903955,12.488588,374,7738.47
58824,41.903842,12.488475,375,7754.12
58824,41.903743,12.488368,376,7768.12
58824,41.903695,12.488298,377,7775.99
58824,41.903447,12.488088,378,7808.48
58824,41.903303,12.487407,379,7867
58824,41.903150,12.486967,380,7907.28
58824,41.903088,12.486762,381,7925.62
58824,41.902997,12.486420,382,7955.74
58824,41.902797,12.485607,383,8026.78
58824,41.902772,12.485495,384,8036.45
58824,41.902448,12.484148,385,8153.81
58824,41.902378,12.483750,386,8187.76
58824,41.902353,12.483508,387,8208
58824,41.902220,12.483135,388,8242.24
58824,41.902053,12.482487,389,8298.96
58824,41.901895,12.481790,390,8359.21
58824,41.901758,12.481235,391,8407.56
58824,41.902098,12.481377,392,8447
58824,41.902223,12.481325,393,8461.37
58824,41.902190,12.481230,394,8469.99
58824,41.902152,12.481138,395,8478.61
58824,41.902120,12.481048,396,8486.78
58824,41.902095,12.480978,397,8493.15
58824,41.902052,12.480832,398,8506.09
58824,41.901983,12.480603,399,8526.28
58824,41.901710,12.480150,400,8574.1
58824,41.901510,12.480235,401,8597.15
58824,41.901642,12.480757,402,8642.35
58824,41.901652,12.481057,403,8667
58824,41.901758,12.481235,404,8685.83
58824,41.901895,12.481790,405,8733.99
58824,41.902053,12.482487,406,8794
58824,41.902220,12.483135,407,8850.5
58824,41.902378,12.483750,408,8904.11
58824,41.902448,12.484148,409,8937.83
58824,41.902498,12.484790,410,8991
58824,41.902772,12.485495,411,9056.7
58824,41.902797,12.485607,412,9066.34
58824,41.902997,12.486420,413,9137.17
58824,41.903088,12.486762,414,9167.2
58824,41.903150,12.486967,415,9185.48
58824,41.903272,12.487680,416,9246
58824,41.903447,12.488088,417,9284.89
58824,41.903388,12.488192,418,9295.59
58824,41.903357,12.488250,419,9301.55
58824,41.903472,12.488512,420,9326.63
58824,41.903560,12.488748,421,9348.48
58824,41.903617,12.488907,422,9362.98
58824,41.903678,12.489107,423,9380.86
58824,41.903948,12.488908,424,9414.92
58824,41.904007,12.488858,425,9422.57
58824,41.904060,12.488800,426,9430.19
58824,41.904118,12.488735,427,9438.58
58824,41.904513,12.488512,428,9486
58824,41.904717,12.488282,429,9515.34
58824,41.905047,12.488083,430,9555.21
58824,41.905143,12.488050,431,9566.21
58824,41.905293,12.488087,432,9583.02
58824,41.905407,12.488133,433,9596.09
58824,41.905498,12.488185,434,9607.05
58824,41.905572,12.488245,435,9616.52
58824,41.905650,12.488345,436,9628.46
58824,41.905703,12.488450,437,9638.91
58824,41.905787,12.488727,438,9663.47
58824,41.905970,12.489375,439,9720.55
58824,41.905972,12.489400,440,9722.62
58824,41.906042,12.489613,441,9741.8
58824,41.906103,12.489870,442,9764
58824,41.906315,12.490182,443,9798.99
58824,41.906357,12.490225,444,9804.85
58824,41.906400,12.490267,445,9810.79
58824,41.906467,12.490312,446,9819.09
58824,41.906510,12.490335,447,9824.28
58824,41.906570,12.490353,448,9831.12
58824,41.906648,12.490347,449,9839.85
58824,41.906768,12.490318,450,9853.4
58824,41.906838,12.490295,451,9861.42
58824,41.906882,12.490277,452,9866.47
58824,41.906963,12.490225,453,9876.52
58824,41.907335,12.489943,454,9924.01
58824,41.908103,12.489320,455,10023.9
58824,41.908542,12.489098,456,10076
58824,41.908747,12.488830,457,10107.7
58824,41.909228,12.488465,458,10168.8
58824,41.909325,12.488555,459,10181.8
58824,41.909355,12.488578,460,10185.7
58824,41.909392,12.488602,461,10190.1
58824,41.909438,12.488625,462,10195.6
58824,41.909478,12.488643,463,10200.3
58824,41.909515,12.488680,464,10205.4
58824,41.909540,12.488715,465,10209.4
58824,41.909552,12.488835,466,10219.4
58824,41.909563,12.488947,467,10228.7
58824,41.909558,12.489380,468,10264.4
58824,41.909732,12.489383,469,10283.6
58824,41.909885,12.489392,470,10300.5
58824,41.909932,12.489402,471,10305.7
58824,41.909963,12.489445,472,10310.8
58824,41.910153,12.489795,473,10346.5
58824,41.910217,12.489913,474,10358.5
58824,41.910810,12.491002,475,10469.7
58824,41.910902,12.491060,476,10480.9
58824,41.911147,12.491600,477,10533
58824,41.911222,12.491652,478,10542.4
58824,41.911315,12.491778,479,10557.1
58824,41.911743,12.492127,480,10612.7
58824,41.911872,12.492227,481,10629.1
58824,41.911903,12.492250,482,10633.1
58824,41.911922,12.492308,483,10638.4
58824,41.912218,12.492508,484,10675.2
58824,41.912242,12.492527,485,10678.2
58824,41.912293,12.492557,486,10684.4
58824,41.912403,12.492637,487,10698.3
58824,41.913038,12.493073,488,10777.5
58824,41.913110,12.493127,489,10786.6
58824,41.913282,12.493255,490,10808.4
58824,41.913410,12.493347,491,10824.5
58824,41.913473,12.493358,492,10831.6
58824,41.913513,12.493393,493,10836.9
58824,41.913980,12.493808,494,10899
58824,41.914080,12.493812,495,10909.9
58824,41.914235,12.493850,496,10927.1
58824,41.914718,12.493967,497,10980.7
58824,41.915125,12.494170,498,11028
58824,41.915305,12.494110,499,11048.6
58824,41.915443,12.494135,500,11064
58824,41.915707,12.494405,501,11100.8
58824,41.915928,12.494655,502,11133
58824,41.916070,12.494700,503,11149.1
58824,41.916128,12.494722,504,11155.8
58824,41.916327,12.494775,505,11178.2
58824,41.916702,12.494195,506,11241.8
58824,41.916940,12.493963,507,11274.4
58824,41.917248,12.493760,508,11312.5
58824,41.917503,12.493627,509,11342.9
58824,41.917835,12.493565,510,11380
58824,41.918397,12.493277,511,11446.1
58824,41.918603,12.493193,512,11469.9
58824,41.919512,12.492773,513,11575.5
58824,41.919850,12.493682,514,11658.8
58824,41.919887,12.493783,515,11668.1
58824,41.919877,12.493940,516,11681
58824,41.920077,12.494323,517,11719.2
58824,41.920133,12.494473,518,11732.9
58824,41.920247,12.494978,519,11776
58824,41.920543,12.495577,520,11835.1
58824,41.920623,12.495805,521,11855.9
58824,41.920780,12.496238,522,11895.5
58824,41.920905,12.496568,523,11926
58824,41.920938,12.496592,524,11930.1
58824,41.921000,12.496430,525,11945.1
58824,41.921097,12.496170,526,11969
58824,41.921203,12.495878,527,11995.7
58824,41.921345,12.495417,528,12036.8
58824,41.921395,12.495258,529,12050.9
58824,41.921437,12.495118,530,12063.3
58824,41.921673,12.494403,531,12127.7
58824,41.921682,12.494380,532,12129.8
58824,41.921763,12.494360,533,12139
58824,41.921708,12.494303,534,12146.5
58824,41.921793,12.494053,535,12168.5
58824,41.922177,12.492937,536,12267.1
58824,41.922200,12.492872,537,12272.9
58824,41.922208,12.492847,538,12275.1
58824,41.922220,12.492810,539,12278.3
58824,41.922290,12.492587,540,12297.7
58824,41.922328,12.492482,541,12307.1
58824,41.922343,12.492438,542,12310.9
58824,41.922427,12.492275,543,12326.8
58824,41.922472,12.492228,544,12332.9
58824,41.922542,12.492158,545,12342.3
58824,41.922625,12.492073,546,12353.5
58824,41.922838,12.491850,547,12382.6
58824,41.923055,12.491625,548,12412.1
58824,41.923135,12.491550,549,12422.6
58824,41.923200,12.491482,550,12431.4
58824,41.923295,12.491390,551,12444
58824,41.923478,12.491200,552,12468.9
58824,41.923530,12.491255,553,12476
58824,41.923548,12.491117,554,12487.3
58824,41.923662,12.491003,555,12502.5
58824,41.923783,12.490882,556,12518.8
58824,41.924312,12.490322,557,12591.3
58824,41.924490,12.490153,558,12614.8
58824,41.924698,12.489940,559,12643
58824,41.924902,12.489717,560,12671.3
58824,41.925042,12.489570,561,12690.4
58824,41.925118,12.489598,562,12699
58824,41.925145,12.489457,563,12711
58824,41.925218,12.489342,564,12723.3
58824,41.925253,12.489257,565,12731.3
58824,41.925422,12.488580,566,12789.6
58824,41.925563,12.488027,567,12837.5
58824,41.925638,12.487723,568,12863.7
58824,41.925782,12.487337,569,12899
58824,41.925758,12.487237,570,12907.7
58824,41.925893,12.487072,571,12927.9
58824,41.925950,12.487032,572,12935
58824,41.926007,12.486965,573,12943.3
58824,41.926045,12.486895,574,12950.5
58824,41.926088,12.486782,575,12961
58824,41.926100,12.486708,576,12967.2
58824,41.926092,12.486658,577,12971.4
58824,41.926138,12.486578,578,12979.8
58824,41.926213,12.486447,579,12993.5
58824,41.926467,12.486262,580,13025.4
58824,41.926592,12.486197,581,13040.2
58824,41.926695,12.486158,582,13052.1
58824,41.926772,12.486138,583,13060.7
58824,41.926873,12.486122,584,13072.1
58824,41.926978,12.486112,585,13083.7
58824,41.927082,12.486123,586,13095.2
58824,41.927285,12.486192,587,13118.4
58824,41.927618,12.486295,588,13156.2
58824,41.927757,12.486328,589,13171.7
58824,41.927822,12.486342,590,13179
58824,41.927880,12.486347,591,13185.5
58824,41.927985,12.486350,592,13197.1
58824,41.928147,12.486340,593,13215
58824,41.928233,12.486327,594,13224.7
58824,41.928385,12.486293,595,13241.7
58824,41.928520,12.486245,596,13257.1
58824,41.928768,12.486148,597,13285.7
58824,41.929007,12.486063,598,13313
58824,41.929015,12.486013,599,13317.2
58824,41.929100,12.485965,600,13327.4
58824,41.929175,12.485925,601,13336.3
58824,41.929227,12.485893,602,13342.6
58824,41.929278,12.485858,603,13349
58824,41.929355,12.485805,604,13358.6
58824,41.929417,12.485753,605,13366.6
58824,41.929470,12.485700,606,13374
58824,41.929517,12.485640,607,13381.1
58824,41.929558,12.485583,608,13387.7
58824,41.929588,12.485535,609,13392.8
58824,41.929640,12.485418,610,13404
58824,41.929685,12.485385,611,13409.7
58824,41.929780,12.485045,612,13439.7
58824,41.929787,12.485013,613,13442.4
58824,41.929798,12.484972,614,13446.1
58824,41.929817,12.484878,615,13454
58824,41.929828,12.484795,616,13461
58824,41.929830,12.484740,617,13465.6
58824,41.929825,12.484650,618,13473
58824,41.929822,12.484597,619,13477.4
58824,41.929815,12.484542,620,13482
58824,41.929812,12.484525,621,13483.4
58824,41.929792,12.484437,622,13491
58824,41.929768,12.484358,623,13498
58824,41.929720,12.484233,624,13509.6
58824,41.929685,12.484145,625,13517.9
58824,41.929642,12.484035,626,13528.1
58824,41.929587,12.483913,627,13539.9
58824,41.929518,12.483767,628,13554.1
58824,41.929515,12.483760,629,13554.8
58824,41.929487,12.483705,630,13560.3
58824,41.929435,12.483600,631,13570.7
58824,41.929203,12.483188,632,13613.2
58824,41.929165,12.483110,633,13620.9
58824,41.929145,12.483072,634,13624.8
58824,41.929092,12.482987,635,13633.9
58824,41.929003,12.482840,636,13649.5
58824,41.928895,12.482665,637,13668.2
58824,41.928828,12.482567,638,13679.2
58824,41.928753,12.482465,639,13691
58824,41.928692,12.482383,640,13700.6
58824,41.928605,12.482272,641,13713.9
58824,41.928587,12.482243,642,13716.9
58824,41.928570,12.482200,643,13721
58824,41.928567,12.482187,644,13722.1
58824,41.928508,12.482130,645,13730.1
58824,41.928468,12.482005,646,13741.3
58824,41.928433,12.481857,647,13754.1
58824,41.928380,12.481557,648,13779.6
58824,41.928360,12.481333,649,13798.1
58824,41.928350,12.481028,650,13823.3
58824,41.928352,12.480695,651,13850.8
58824,41.928370,12.480380,652,13876.9
58824,41.928365,12.480157,653,13895.3
58824,41.928432,12.480032,654,13908
58824,41.928377,12.479988,655,13914.9
58824,41.928403,12.479825,656,13928.5
58824,41.928402,12.479738,657,13935.6
58824,41.928410,12.479605,658,13946.5
58824,41.928445,12.479482,659,13957.2
58824,41.928502,12.479277,660,13975
58824,41.928545,12.479153,661,13986.1
58824,41.928577,12.479040,662,13995.9
58824,41.928607,12.478852,663,14011.5
58824,41.928640,12.478643,664,14028.9
58824,41.928655,12.477850,665,14093.4
58824,41.928657,12.477825,666,14095.4
58824,41.928665,12.477708,667,14105
58824,41.928670,12.477635,668,14111
58824,41.928672,12.477623,669,14111.9
58824,41.928683,12.477577,670,14115.9
58824,41.928700,12.477532,671,14120
58824,41.928715,12.477503,672,14122.8
58824,41.928745,12.477463,673,14127.4
58824,41.928775,12.477430,674,14131.7
58824,41.928800,12.477405,675,14135.1
58824,41.928835,12.477377,676,14139.5
58824,41.928937,12.477308,677,14151.9
58824,41.929007,12.477272,678,14160.1
58824,41.929102,12.477228,679,14171
58824,41.929328,12.477130,680,14197
58824,41.929503,12.477050,681,14217.1
58824,41.929612,12.476997,682,14229.7
58824,41.929788,12.476913,683,14250.1
58824,41.929863,12.476877,684,14258.8
58824,41.929958,12.476822,685,14270
58824,41.930027,12.476738,686,14280.1
58824,41.930072,12.476670,687,14287.5
58824,41.930125,12.476587,688,14296.4
58824,41.930163,12.476598,689,14300.7
58824,41.930225,12.476597,690,14307.4
58824,41.930263,12.476585,691,14311.7
58824,41.930300,12.476560,692,14316.2
58824,41.930317,12.476538,693,14318.7
58824,41.930365,12.476550,694,14324.1
58824,41.930418,12.476553,695,14329.9
58824,41.930477,12.476547,696,14336.2
58824,41.930742,12.476508,697,14365.3
58824,41.930762,12.476587,698,14372
58824,41.931313,12.476452,699,14433.9
58824,41.932080,12.476367,700,14518.9
58824,41.932368,12.476335,701,14550.9
58824,41.932558,12.476363,702,14572
58824,41.932560,12.476315,703,14575.9
58824,41.932760,12.476295,704,14597.7
58824,41.932733,12.475888,705,14630.9
58824,41.932732,12.475697,706,14646.5
58824,41.932738,12.475478,707,14664.2
58824,41.932732,12.474527,708,14741.5
58824,41.932730,12.474387,709,14752.9
58824,41.932733,12.474333,710,14757.3
58824,41.932735,12.474262,711,14763.1
58824,41.932738,12.474213,712,14767
58824,41.932733,12.474105,713,14775.9
58824,41.932787,12.473728,714,14807
58824,41.932652,12.473233,715,14850.2
58824,41.932595,12.472703,716,14894
58824,41.932575,12.472470,717,14913.2
58824,41.932552,12.472245,718,14931.8
58824,41.932537,12.472063,719,14946.8
58824,41.932512,12.471860,720,14963.7
58824,41.932498,12.471722,721,14975.1
58824,41.932480,12.471605,722,14984.9
58824,41.932485,12.471408,723,15001
58824,41.932405,12.471283,724,15014.6
58824,41.932297,12.470907,725,15048.1
58824,41.932250,12.470628,726,15071.7
58824,41.932173,12.470212,727,15107.2
58824,41.932080,12.469693,728,15151.4
58824,41.931930,12.468917,729,15217.8
58824,41.931892,12.468720,730,15234.6
58824,41.931880,12.468652,731,15240.4
58824,41.931847,12.468490,732,15254.3
58824,41.932297,12.468382,733,15305
58824,41.932785,12.468103,734,15363.8
58824,41.932857,12.468073,735,15372.1
58824,41.932947,12.468037,736,15382.5
58824,41.933050,12.467992,737,15394.6
58824,41.933098,12.467970,738,15400.2
58824,41.933198,12.467932,739,15411.7
58824,41.933273,12.467915,740,15420.2
58824,41.933332,12.467907,741,15426.7
58824,41.933428,12.467902,742,15437.4
58824,41.933562,12.467910,743,15452.2
58824,41.933603,12.467913,744,15456.8
58824,41.933702,12.467915,745,15467.7
58824,41.933757,12.467910,746,15473.8
58824,41.933767,12.467908,747,15474.9
58824,41.933930,12.467873,748,15493.2
58824,41.933960,12.467865,749,15496.6
58824,41.934128,12.467745,750,15517.8
58824,41.934182,12.467700,751,15524.7
58824,41.934345,12.467598,752,15544.7
58824,41.934425,12.467555,753,15554.2
58824,41.934513,12.467508,754,15564.8
58824,41.934588,12.467473,755,15573.6
58824,41.934573,12.467425,756,15577.9
58824,41.934550,12.467355,757,15584.2
58824,41.934460,12.467075,758,15609.5
58824,41.934373,12.466750,759,15638
58824,41.934265,12.466633,760,15653.3
58824,41.934148,12.466370,761,15678.3
58824,41.934012,12.466097,762,15705.3
58824,41.933908,12.466030,763,15717.9
58824,41.933818,12.465862,764,15734.9
58824,41.933605,12.465535,765,15770.4
58824,41.933353,12.465177,766,15810.7
58824,41.933150,12.464710,767,15855
58824,41.933015,12.464710,768,15869.7
58824,41.932965,12.464640,769,15877.6
58824,41.932935,12.464513,770,15888.5
58824,41.932703,12.464145,771,15927.8
58824,41.932330,12.463705,772,15982.1
58824,41.932238,12.463638,773,15993.5
58824,41.932137,12.463610,774,16004.8
58824,41.932037,12.463635,775,16015.9
58824,41.931845,12.463908,776,16046.5
58824,41.931393,12.464408,777,16110.5
58824,41.931353,12.464383,778,16115.4
58824,41.931298,12.464343,779,16122.2
58824,41.931248,12.464310,780,16128.3
58824,41.930940,12.464707,781,16175
918309,41.930125,12.476587,689,14298.8
918309,41.930163,12.476598,690,14303.2
918309,41.930225,12.476597,691,14310
918309,41.930263,12.476585,692,14314.3
918309,41.930300,12.476560,693,14318.9
918309,41.930317,12.476538,694,14321.5
918309,41.930345,12.476358,695,14336.7
918309,41.930308,12.476165,696,14353.2
918309,41.930317,12.475878,697,14376.9
918309,41.930280,12.475383,698,14418
918309,41.930012,12.472562,699,14623.6
918309,41.932028,12.472070,700,14822.1
918309,41.932378,12.475963,701,15105.6
918309,41.932778,12.475937,702,15144.4
918309,41.932787,12.473728,703,15304
918309,41.932652,12.473233,704,15347.2
918309,41.932595,12.472703,705,15391
918309,41.932575,12.472470,706,15410.2
918309,41.932552,12.472245,707,15428.8
918309,41.932537,12.472063,708,15443.8
918309,41.932512,12.471860,709,15460.7
918309,41.932498,12.471722,710,15472.1
918309,41.932480,12.471605,711,15481.9
918309,41.932485,12.471408,712,15498
918309,41.932405,12.471283,713,15511.6
918309,41.932297,12.470907,714,15545.1
918309,41.932250,12.470628,715,15568.7
918309,41.932173,12.470212,716,15604.2
918309,41.932080,12.469693,717,15648.4
918309,41.931930,12.468917,718,15714.8
918309,41.931892,12.468720,719,15731.6
918309,41.931880,12.468652,720,15737.4
918309,41.931847,12.468490,721,15751.3
918309,41.932297,12.468382,722,15802
918309,41.932785,12.468103,723,15860.8
918309,41.932857,12.468073,724,15869.1
918309,41.932947,12.468037,725,15879.5
918309,41.933050,12.467992,726,15891.6
918309,41.933098,12.467970,727,15897.2
918309,41.933198,12.467932,728,15908.7
918309,41.933273,12.467915,729,15917.2
918309,41.933332,12.467907,730,15923.7
918309,41.933428,12.467902,731,15934.4
918309,41.933562,12.467910,732,15949.2
918309,41.933603,12.467913,733,15953.8
918309,41.933702,12.467915,734,15964.7
918309,41.933757,12.467910,735,15970.8
918309,41.933767,12.467908,736,15971.9
918309,41.933930,12.467873,737,15990.2
918309,41.933960,12.467865,738,15993.6
918309,41.934128,12.467745,739,16014.8
918309,41.934182,12.467700,740,16021.7
918309,41.934345,12.467598,741,16041.7
918309,41.934425,12.467555,742,16051.2
918309,41.934513,12.467508,743,16061.8
918309,41.934588,12.467473,744,16070.6
918309,41.934573,12.467425,745,16074.9
918309,41.934550,12.467355,746,16081.2
918309,41.934460,12.467075,747,16106.5
918309,41.934373,12.466750,748,16135
918309,41.934265,12.466633,749,16150.3
918309,41.934148,12.466370,750,16175.3
918309,41.934012,12.466097,751,16202.3
918309,41.933908,12.466030,752,16214.9
918309,41.933818,12.465862,753,16231.9
918309,41.933605,12.465535,754,16267.4
918309,41.933353,12.465177,755,16307.7
918309,41.933150,12.464710,756,16352
918309,41.933015,12.464710,757,16366.7
918309,41.932965,12.464640,758,16374.6
918309,41.932935,12.464513,759,16385.5
918309,41.932703,12.464145,760,16424.8
918309,41.932330,12.463705,761,16479.1
918309,41.932238,12.463638,762,16490.5
918309,41.932137,12.463610,763,16501.8
918309,41.932037,12.463635,764,16512.9
918309,41.931845,12.463908,765,16543.5
918309,41.931393,12.464408,766,16607.5
918309,41.931353,12.464383,767,16612.4
918309,41.931298,12.464343,768,16619.2
918309,41.931248,12.464310,769,16625.3
918309,41.930940,12.464707,770,16672
918309,41.930940,12.464707,1,0
918309,41.930908,12.464827,2,10.4212
918309,41.930958,12.464878,3,17.3462
918309,41.931005,12.464928,4,23.8995
918309,41.931057,12.464983,5,31.1368
918309,41.931102,12.464927,6,37.91
918309,41.931218,12.464672,7,62.3969
918309,41.931257,12.464600,8,69.6151
918309,41.931288,12.464552,9,74.88
918309,41.931393,12.464408,10,91.3207
918309,41.931845,12.463908,11,155.578
918309,41.932037,12.463635,12,186.279
918309,41.932175,12.463777,13,205.374
918309,41.932837,12.464617,14,305.347
918309,41.932965,12.464640,15,319.548
918309,41.933015,12.464710,16,327.479
918309,41.933353,12.465177,17,380.736
918309,41.933332,12.465273,18,389
918309,41.933605,12.465535,19,425.406
918309,41.933818,12.465862,20,460.518
918309,41.933908,12.466030,21,477.268
918309,41.933923,12.466130,22,485.521
918309,41.934088,12.466480,23,519.009
918309,41.934197,12.466690,24,539.66
918309,41.934257,12.466817,25,551.796
918309,41.934300,12.466922,26,561.503
918309,41.934268,12.466913,27,565
918309,41.934357,12.467067,28,580.763
918309,41.934380,12.467137,29,587.002
918309,41.934323,12.467223,30,596.378
918309,41.934293,12.467257,31,600.627
918309,41.934238,12.467300,32,607.583
918309,41.934193,12.467332,33,613.124
918309,41.934110,12.467393,34,623.502
918309,41.934003,12.467387,35,635.142
918309,41.933522,12.467407,36,687.67
918309,41.933287,12.467403,37,713.288
918309,41.932912,12.467388,38,754.182
918309,41.932828,12.467385,39,763.27
918309,41.932760,12.467387,40,770.72
918309,41.932718,12.467392,41,775.28
918309,41.932638,12.467417,42,784.234
918309,41.932403,12.467507,43,810.877
918309,41.931988,12.467673,44,858.103
918309,41.931830,12.467730,45,875.968
918309,41.931772,12.467753,46,882.604
918309,41.931417,12.467895,47,922.982
918309,41.931270,12.467823,48,940
918309,41.930352,12.468322,49,1049.64
918309,41.930155,12.468402,50,1072.38
918309,41.930037,12.468438,51,1085.82
918309,41.929985,12.468457,52,1091.73
918309,41.929928,12.468475,53,1098.18
918309,41.929878,12.468487,54,1103.8
918309,41.929777,12.468483,55,1115.05
918309,41.929507,12.468508,56,1145
918309,41.929265,12.468693,57,1175.85
918309,41.928890,12.468842,58,1219.2
918309,41.928553,12.468988,59,1258.44
918309,41.928580,12.469110,60,1268.93
918309,41.928700,12.469682,61,1318.09
918309,41.928718,12.469755,62,1324.49
918309,41.928972,12.469657,63,1353.72
918309,41.929017,12.469638,64,1358.94
918309,41.929065,12.469618,65,1364.54
918309,41.929298,12.469518,66,1391.7
918309,41.929400,12.469528,67,1403
918309,41.930137,12.469158,68,1489.96
918309,41.930190,12.469137,69,1496.12
918309,41.931460,12.468635,70,1642.46
918309,41.931495,12.468803,71,1656.89
918309,41.931543,12.469042,72,1677.27
918309,41.931697,12.469792,73,1741.44
918309,41.931785,12.470347,74,1788.28
918309,41.931848,12.470733,75,1820.95
918309,41.931870,12.470863,76,1831.94
918309,41.931893,12.471018,77,1844.99
918309,41.931917,12.471343,78,1871.94
918309,41.931958,12.471797,79,1909.63
918309,41.931998,12.472157,80,1939.67
918309,41.932013,12.472348,81,1955.58
918309,41.931972,12.472475,82,1967
918309,41.932030,12.472562,83,1976.63
918309,41.932055,12.472798,84,1996.34
918309,41.930033,12.473107,85,2221.14
918309,41.930067,12.473642,86,2265.43
918309,41.930128,12.474750,87,2357.12
918309,41.930168,12.475172,88,2392.18
918309,41.930203,12.475475,89,2417.5
918309,41.930182,12.475758,90,2441
918309,41.930232,12.475825,91,2448.8
918309,41.930228,12.475922,92,2456.78
918309,41.930225,12.476005,93,2463.66
918309,41.930217,12.476080,94,2469.92
918309,41.930198,12.476198,95,2479.89
918309,41.930188,12.476305,96,2488.76
918309,41.930143,12.476313,97,2493.78
918309,41.930125,12.476323,98,2495.97
918309,41.930107,12.476350,99,2498.96
918309,41.930095,12.476402,100,2503.41
918309,41.930092,12.476450,101,2507.41
918309,41.930095,12.476542,102,2514.99
918309,41.930103,12.476560,103,2516.76
918309,41.930125,12.476587,104,2520.01
918309,41.930072,12.476670,105,2529.06
918309,41.930027,12.476738,106,2536.58
918309,41.929958,12.476822,107,2546.79
918309,41.929863,12.476877,108,2558.23
918309,41.929788,12.476913,109,2567.05
918309,41.929612,12.476997,110,2587.74
918309,41.929503,12.477050,111,2600.49
918309,41.929328,12.477130,112,2620.92
918309,41.929102,12.477228,113,2647.25
918309,41.929007,12.477272,114,2658.34
918309,41.928937,12.477308,115,2666.64
918309,41.928698,12.477417,116,2694.45
918309,41.928672,12.477432,117,2697.64
918309,41.928652,12.477443,118,2700.05
918309,41.928638,12.477458,119,2701.98
918309,41.928617,12.477495,120,2705.84
918309,41.928585,12.477580,121,2713.67
918309,41.928537,12.477720,122,2726.4
918309,41.928443,12.477953,123,2748.24
918309,41.928397,12.478030,124,2756.4
918309,41.928315,12.478193,125,2772.62
918309,41.927942,12.478777,126,2836
918309,41.927408,12.479955,127,2950.01
918309,41.927082,12.480573,128,3012.68
918309,41.927053,12.480618,129,3017.55
918309,41.926993,12.480693,130,3026.64
918309,41.926988,12.480700,131,3027.42
918309,41.926955,12.480733,132,3032.03
918309,41.926860,12.480815,133,3044.54
918309,41.926845,12.480830,134,3046.62
918309,41.926800,12.480880,135,3053.1
918309,41.926775,12.480918,136,3057.31
918309,41.926747,12.480990,137,3064.02
918309,41.926707,12.481147,138,3077.72
918309,41.926692,12.481288,139,3089.56
918309,41.926698,12.481427,140,3101.03
918309,41.926755,12.481487,141,3109.03
918309,41.926803,12.481535,142,3115.71
918309,41.926860,12.481583,143,3123.16
918309,41.926888,12.481602,144,3126.64
918309,41.926977,12.481650,145,3137.22
918309,41.927083,12.481698,146,3149.69
918309,41.927162,12.481738,147,3158.98
918309,41.927540,12.481937,148,3204
918309,41.928360,12.482163,149,3296.42
918309,41.928520,12.482280,150,3316.52
918309,41.928637,12.482438,151,3334.86
918309,41.928698,12.482515,152,3344.15
918309,41.928753,12.482592,153,3352.91
918309,41.928807,12.482673,154,3361.85
918309,41.928955,12.482908,155,3387.21
918309,41.929025,12.483027,156,3399.66
918309,41.929097,12.483138,157,3411.79
918309,41.929158,12.483233,158,3422.17
918309,41.929257,12.483408,159,3440.22
918309,41.929328,12.483533,160,3453.21
918309,41.929395,12.483662,161,3466.09
918309,41.929433,12.483750,162,3474.51
918309,41.929460,12.483807,163,3480.03
918309,41.929522,12.483965,164,3494.75
918309,41.929577,12.484102,165,3507.55
918309,41.929602,12.484177,166,3514.32
918309,41.929602,12.484403,167,3533
918309,41.929692,12.484437,168,3543.04
918309,41.929715,12.484512,169,3549.56
918309,41.929732,12.484563,170,3554.08
918309,41.929747,12.484618,171,3558.78
918309,41.929762,12.484690,172,3564.75
918309,41.929768,12.484748,173,3569.49
918309,41.929767,12.484853,174,3577.92
918309,41.929765,12.484873,175,3579.53
918309,41.929755,12.484937,176,3584.73
918309,41.929742,12.484998,177,3589.88
918309,41.929718,12.485093,178,3597.91
918309,41.929635,12.485365,179,3621.49
918309,41.929640,12.485418,180,3625.8
918309,41.929588,12.485535,181,3636.69
918309,41.929558,12.485583,182,3641.73
918309,41.929517,12.485640,183,3648.12
918309,41.929470,12.485700,184,3655.07
918309,41.929417,12.485753,185,3662.23
918309,41.929355,12.485805,186,3670.05
918309,41.929278,12.485858,187,3679.33
918309,41.929227,12.485893,188,3685.56
918309,41.929175,12.485925,189,3691.66
918309,41.929100,12.485965,190,3700.34
918309,41.929057,12.485925,191,3706
918309,41.929015,12.486013,192,3714.59
918309,41.928768,12.486148,193,3743.92
918309,41.928520,12.486245,194,3772.38
918309,41.928385,12.486293,195,3787.77
918309,41.928233,12.486327,196,3804.68
918309,41.928147,12.486340,197,3814.29
918309,41.928045,12.486350,198,3825.51
918309,41.927880,12.486347,199,3843.67
918309,41.927822,12.486342,200,3850.1
918309,41.927757,12.486328,201,3857.34
918309,41.927618,12.486295,202,3872.81
918309,41.927285,12.486192,203,3910.47
918309,41.927082,12.486123,204,3933.55
918309,41.926978,12.486112,205,3944.96
918309,41.926873,12.486122,206,3956.55
918309,41.926772,12.486138,207,3967.83
918309,41.926695,12.486158,208,3976.42
918309,41.926592,12.486197,209,3988.23
918309,41.926467,12.486262,210,4002.99
918309,41.926213,12.486447,211,4034.75
918309,41.926157,12.486402,212,4042
918309,41.926112,12.486500,213,4051.36
918309,41.925965,12.486595,214,4069.07
918309,41.925918,12.486612,215,4074.32
918309,41.925875,12.486638,216,4079.5
918309,41.925840,12.486673,217,4084.25
918309,41.925813,12.486713,218,4088.6
918309,41.925790,12.486757,219,4092.94
918309,41.925765,12.486823,220,4098.99
918309,41.925752,12.486873,221,4103.3
918309,41.925748,12.486890,222,4104.7
918309,41.925745,12.486950,223,4109.59
918309,41.925755,12.487013,224,4114.84
918309,41.925758,12.487237,225,4132.97
918309,41.925638,12.487723,226,4174.57
918309,41.925563,12.488027,227,4200.51
918309,41.925422,12.488580,228,4247.98
918309,41.925253,12.489257,229,4305.88
918309,41.925218,12.489342,230,4313.75
918309,41.925145,12.489457,231,4326.03
918309,41.925042,12.489570,232,4340.55
918309,41.924902,12.489717,233,4359.87
918309,41.924698,12.489940,234,4388.45
918309,41.924603,12.489913,235,4399
918309,41.924490,12.490153,236,4422.08
918309,41.924312,12.490322,237,4445.84
918309,41.923783,12.490882,238,4519.19
918309,41.923662,12.491003,239,4535.72
918309,41.923548,12.491117,240,4551.12
918309,41.923478,12.491200,241,4561.31
918309,41.923295,12.491390,242,4586.55
918309,41.923190,12.491382,243,4598
918309,41.923200,12.491482,244,4606.24
918309,41.923135,12.491550,245,4615.27
918309,41.923055,12.491625,246,4625.95
918309,41.922838,12.491850,247,4655.93
918309,41.922625,12.492073,248,4685.54
918309,41.922542,12.492158,249,4697
918309,41.922472,12.492228,250,4706.55
918309,41.922427,12.492275,251,4712.77
918309,41.922343,12.492438,252,4728.93
918309,41.922328,12.492482,253,4732.83
918309,41.922290,12.492587,254,4742.37
918309,41.922220,12.492810,255,4762.15
918309,41.922208,12.492847,256,4765.4
918309,41.922200,12.492872,257,4767.64
918309,41.922177,12.492937,258,4773.53
918309,41.921793,12.494053,259,4873.89
918309,41.921760,12.494077,260,4878
918309,41.921708,12.494303,261,4897.59
918309,41.921682,12.494380,262,4904.58
918309,41.921673,12.494403,263,4906.72
918309,41.921437,12.495118,264,4971.35
918309,41.921395,12.495258,265,4983.81
918309,41.921345,12.495417,266,4998.02
918309,41.921203,12.495878,267,5039.27
918309,41.921097,12.496170,268,5066.11
918309,41.921000,12.496430,269,5090.12
918309,41.920938,12.496592,270,5105.12
918309,41.920883,12.496668,271,5113.91
918309,41.920767,12.496835,272,5132.79
918309,41.920565,12.497023,273,5160
918309,41.920552,12.497110,274,5167.3
918309,41.920242,12.497515,275,5215.15
918309,41.920138,12.497643,276,5230.72
918309,41.920115,12.497607,277,5234.7
918309,41.920025,12.497483,278,5248.93
918309,41.919943,12.497373,279,5261.73
918309,41.919672,12.496977,280,5306.13
918309,41.919538,12.496690,281,5334
918309,41.919008,12.496050,282,5412.88
918309,41.918940,12.495947,283,5424.27
918309,41.918740,12.495667,284,5456.25
918309,41.918643,12.495537,285,5471.39
918309,41.917712,12.495222,286,5577.59
918309,41.917220,12.495988,287,5661
918309,41.917138,12.496227,288,5682.51
918309,41.916763,12.495698,289,5742.32
918309,41.916585,12.495470,290,5769.42
918309,41.916190,12.494975,291,5828.86
918309,41.916258,12.494873,292,5840.08
918309,41.916327,12.494775,293,5851.1
918309,41.916702,12.494195,294,5914.04
918309,41.916707,12.494117,295,5920.49
918309,41.916703,12.494048,296,5926.11
918309,41.916692,12.494012,297,5929.38
918309,41.916648,12.493978,298,5934.87
918309,41.916558,12.493942,299,5945.2
918309,41.916347,12.494043,300,5969.91
918309,41.916213,12.494105,301,5985.4
918309,41.916012,12.494138,302,6007.72
918309,41.915795,12.494157,303,6031.57
918309,41.915443,12.494135,304,6070.25
918309,41.915305,12.494110,305,6085.58
918309,41.914718,12.493967,306,6151.09
918309,41.914670,12.493810,307,6165
918309,41.914235,12.493850,308,6213.17
918309,41.914080,12.493812,309,6230.58
918309,41.913513,12.493393,310,6302.06
918309,41.913473,12.493358,311,6307.34
918309,41.913447,12.493297,312,6313.22
918309,41.913282,12.493185,313,6333.65
918309,41.913140,12.493085,314,6351.34
918309,41.912328,12.492522,315,6452.33
918309,41.912240,12.492460,316,6463.34
918309,41.911987,12.492233,317,6497
918309,41.911957,12.492260,318,6500.97
918309,41.911903,12.492250,319,6506.91
918309,41.911872,12.492227,320,6510.9
918309,41.911743,12.492127,321,6527.28
918309,41.911315,12.491778,322,6582.55
918309,41.911222,12.491652,323,6597.21
918309,41.910902,12.491060,324,6657.39
918309,41.910890,12.490962,325,6665.59
918309,41.910208,12.489687,326,6794.77
918309,41.910000,12.489305,327,6833.71
918309,41.909943,12.489215,328,6843.41
918309,41.909915,12.489163,329,6848.69
918309,41.909813,12.488515,330,6903.27
918309,41.909797,12.488398,331,6913.06
918309,41.909718,12.488292,332,6925.38
918309,41.909630,12.488237,333,6936.13
918309,41.909590,12.488228,334,6940.59
918309,41.909555,12.488230,335,6944.45
918309,41.909502,12.488243,336,6950.44
918309,41.909447,12.488260,337,6956.66
918309,41.909395,12.488285,338,6962.72
918309,41.909350,12.488317,339,6968.32
918309,41.909335,12.488330,340,6970.31
918309,41.909305,12.488360,341,6974.44
918309,41.909228,12.488465,342,6986.54
918309,41.908747,12.488830,343,7047.58
918309,41.908207,12.489057,344,7110
918309,41.908103,12.489320,345,7134.29
918309,41.907335,12.489943,346,7232.52
918309,41.906963,12.490225,347,7279.22
918309,41.906882,12.490277,348,7289.1
918309,41.906838,12.490295,349,7294.07
918309,41.906768,12.490318,350,7301.95
918309,41.906648,12.490347,351,7315.28
918309,41.906570,12.490353,352,7323.86
918309,41.906510,12.490335,353,7330.59
918309,41.906467,12.490312,354,7335.7
918309,41.906400,12.490267,355,7343.86
918309,41.906357,12.490225,356,7349.69
918309,41.906315,12.490182,357,7355.46
918309,41.906042,12.489613,358,7410.67
918309,41.905972,12.489400,359,7429.7
918309,41.905970,12.489375,360,7431.75
918309,41.905787,12.488727,361,7488.37
918309,41.905830,12.488597,362,7500
918309,41.905703,12.488450,363,7518.17
918309,41.905650,12.488345,364,7528.46
918309,41.905572,12.488245,365,7540.2
918309,41.905498,12.488185,366,7549.53
918309,41.905407,12.488133,367,7560.32
918309,41.905293,12.488087,368,7573.18
918309,41.905143,12.488050,369,7589.73
918309,41.905047,12.488083,370,7600.56
918309,41.904717,12.488282,371,7639.8
918309,41.904357,12.488443,372,7681
918309,41.904118,12.488735,373,7716.72
918309,41.903955,12.488588,374,7738.47
918309,41.903842,12.488475,375,7754.12
918309,41.903743,12.488368,376,7768.12
918309,41.903695,12.488298,377,7775.99
918309,41.903447,12.488088,378,7808.48
918309,41.903303,12.487407,379,7867
918309,41.903150,12.486967,380,7907.28
918309,41.903088,12.486762,381,7925.62
918309,41.902997,12.486420,382,7955.74
918309,41.902797,12.485607,383,8026.78
918309,41.902772,12.485495,384,8036.45
918309,41.902448,12.484148,385,8153.81
918309,41.902378,12.483750,386,8187.76
918309,41.902353,12.483508,387,8208
918309,41.902220,12.483135,388,8242.24
918309,41.902053,12.482487,389,8298.96
918309,41.901895,12.481790,390,8359.21
918309,41.901758,12.481235,391,8407.56
918309,41.902098,12.481377,392,8447
918309,41.902223,12.481325,393,8461.37
918309,41.902190,12.481230,394,8469.99
918309,41.902152,12.481138,395,8478.61
918309,41.902120,12.481048,396,8486.78
918309,41.902095,12.480978,397,8493.15
918309,41.902052,12.480832,398,8506.09
918309,41.901983,12.480603,399,8526.28
918309,41.901710,12.480150,400,8574.1
918309,41.901510,12.480235,401,8597.15
918309,41.901642,12.480757,402,8642.35
918309,41.901652,12.481057,403,8667
918309,41.901758,12.481235,404,8685.83
918309,41.901895,12.481790,405,8733.99
918309,41.902053,12.482487,406,8794
918309,41.902220,12.483135,407,8850.5
918309,41.902378,12.483750,408,8904.11
918309,41.902448,12.484148,409,8937.83
918309,41.902498,12.484790,410,8991
918309,41.902772,12.485495,411,9056.7
918309,41.902797,12.485607,412,9066.34
918309,41.902997,12.486420,413,9137.17
918309,41.903088,12.486762,414,9167.2
918309,41.903150,12.486967,415,9185.48
918309,41.903272,12.487680,416,9246
918309,41.903447,12.488088,417,9284.89
918309,41.903388,12.488192,418,9295.59
918309,41.903357,12.488250,419,9301.55
918309,41.903472,12.488512,420,9326.63
918309,41.903560,12.488748,421,9348.48
918309,41.903617,12.488907,422,9362.98
918309,41.903678,12.489107,423,9380.86
918309,41.903948,12.488908,424,9414.92
918309,41.904007,12.488858,425,9422.57
918309,41.904060,12.488800,426,9430.19
918309,41.904118,12.488735,427,9438.58
918309,41.904513,12.488512,428,9486
918309,41.904717,12.488282,429,9515.34
918309,41.905047,12.488083,430,9555.21
918309,41.905143,12.488050,431,9566.21
918309,41.905293,12.488087,432,9583.02
918309,41.905407,12.488133,433,9596.09
918309,41.905498,12.488185,434,9607.05
918309,41.905572,12.488245,435,9616.52
918309,41.905650,12.488345,436,9628.46
918309,41.905703,12.488450,437,9638.91
918309,41.905787,12.488727,438,9663.47
918309,41.905970,12.489375,439,9720.55
918309,41.905972,12.489400,440,9722.62
918309,41.906042,12.489613,441,9741.8
918309,41.906103,12.489870,442,9764
918309,41.906315,12.490182,443,9798.99
918309,41.906357,12.490225,444,9804.85
918309,41.906400,12.490267,445,9810.79
918309,41.906467,12.490312,446,9819.09
918309,41.906510,12.490335,447,9824.28
918309,41.906570,12.490353,448,9831.12
918309,41.906648,12.490347,449,9839.85
918309,41.906768,12.490318,450,9853.4
918309,41.906838,12.490295,451,9861.42
918309,41.906882,12.490277,452,9866.47
918309,41.906963,12.490225,453,9876.52
918309,41.907335,12.489943,454,9924.01
918309,41.908103,12.489320,455,10023.9
918309,41.908542,12.489098,456,10076
918309,41.908747,12.488830,457,10107.7
918309,41.909228,12.488465,458,10168.8
918309,41.909325,12.488555,459,10181.8
918309,41.909355,12.488578,460,10185.7
918309,41.909392,12.488602,461,10190.1
918309,41.909438,12.488625,462,10195.6
918309,41.909478,12.488643,463,10200.3
918309,41.909515,12.488680,464,10205.4
918309,41.909540,12.488715,465,10209.4
918309,41.909552,12.488835,466,10219.4
918309,41.909563,12.488947,467,10228.7
918309,41.909558,12.489380,468,10264.4
918309,41.909732,12.489383,469,10283.6
918309,41.909885,12.489392,470,10300.5
918309,41.909932,12.489402,471,10305.7
918309,41.909963,12.489445,472,10310.8
918309,41.910153,12.489795,473,10346.5
918309,41.910217,12.489913,474,10358.5
918309,41.910810,12.491002,475,10469.7
918309,41.910902,12.491060,476,10480.9
918309,41.911147,12.491600,477,10533
918309,41.911222,12.491652,478,10542.4
918309,41.911315,12.491778,479,10557.1
918309,41.911743,12.492127,480,10612.7
918309,41.911872,12.492227,481,10629.1
918309,41.911903,12.492250,482,10633.1
918309,41.911922,12.492308,483,10638.4
918309,41.912218,12.492508,484,10675.2
918309,41.912242,12.492527,485,10678.2
918309,41.912293,12.492557,486,10684.4
918309,41.912403,12.492637,487,10698.3
918309,41.913038,12.493073,488,10777.5
918309,41.913110,12.493127,489,10786.6
918309,41.913282,12.493255,490,10808.4
918309,41.913410,12.493347,491,10824.5
918309,41.913473,12.493358,492,10831.6
918309,41.913513,12.493393,493,10836.9
918309,41.913980,12.493808,494,10899
918309,41.914080,12.493812,495,10909.9
918309,41.914235,12.493850,496,10927.1
918309,41.914718,12.493967,497,10980.7
918309,41.915125,12.494170,498,11028
918309,41.915305,12.494110,499,11048.6
918309,41.915443,12.494135,500,11064
918309,41.915707,12.494405,501,11100.8
918309,41.915928,12.494655,502,11133
918309,41.916070,12.494700,503,11149.1
918309,41.916128,12.494722,504,11155.8
918309,41.916327,12.494775,505,11178.2
918309,41.916702,12.494195,506,11241.8
918309,41.916940,12.493963,507,11274.4
918309,41.917248,12.493760,508,11312.5
918309,41.917503,12.493627,509,11342.9
918309,41.917835,12.493565,510,11380
918309,41.918397,12.493277,511,11446.1
918309,41.918603,12.493193,512,11469.9
918309,41.919512,12.492773,513,11575.5
918309,41.919850,12.493682,514,11658.8
918309,41.919887,12.493783,515,11668.1
918309,41.919877,12.493940,516,11681
918309,41.920077,12.494323,517,11719.2
918309,41.920133,12.494473,518,11732.9
918309,41.920247,12.494978,519,11776
918309,41.920543,12.495577,520,11835.1
918309,41.920623,12.495805,521,11855.9
918309,41.920780,12.496238,522,11895.5
918309,41.920905,12.496568,523,11926
918309,41.920938,12.496592,524,11930.1
918309,41.921000,12.496430,525,11945.1
918309,41.921097,12.496170,526,11969
918309,41.921203,12.495878,527,11995.7
918309,41.921345,12.495417,528,12036.8
918309,41.921395,12.495258,529,12050.9
918309,41.921437,12.495118,530,12063.3
918309,41.921673,12.494403,531,12127.7
918309,41.921682,12.494380,532,12129.8
918309,41.921763,12.494360,533,12139
918309,41.921708,12.494303,534,12146.5
918309,41.921793,12.494053,535,12168.5
918309,41.922177,12.492937,536,12267.1
918309,41.922200,12.492872,537,12272.9
918309,41.922208,12.492847,538,12275.1
918309,41.922220,12.492810,539,12278.3
918309,41.922290,12.492587,540,12297.7
918309,41.922328,12.492482,541,12307.1
918309,41.922343,12.492438,542,12310.9
918309,41.922427,12.492275,543,12326.8
918309,41.922472,12.492228,544,12332.9
918309,41.922542,12.492158,545,12342.3
918309,41.922625,12.492073,546,12353.5
918309,41.922838,12.491850,547,12382.6
918309,41.923055,12.491625,548,12412.1
918309,41.923135,12.491550,549,12422.6
918309,41.923200,12.491482,550,12431.4
918309,41.923295,12.491390,551,12444
918309,41.923478,12.491200,552,12468.9
918309,41.923530,12.491255,553,12476
918309,41.923548,12.491117,554,12487.3
918309,41.923662,12.491003,555,12502.5
918309,41.923783,12.490882,556,12518.8
918309,41.924312,12.490322,557,12591.3
918309,41.924490,12.490153,558,12614.8
918309,41.924698,12.489940,559,12643
918309,41.924902,12.489717,560,12671.3
918309,41.925042,12.489570,561,12690.4
918309,41.925118,12.489598,562,12699
918309,41.925145,12.489457,563,12711
918309,41.925218,12.489342,564,12723.3
918309,41.925253,12.489257,565,12731.3
918309,41.925422,12.488580,566,12789.6
918309,41.925563,12.488027,567,12837.5
918309,41.925638,12.487723,568,12863.7
918309,41.925782,12.487337,569,12899
918309,41.925758,12.487237,570,12907.7
918309,41.925893,12.487072,571,12927.9
918309,41.925950,12.487032,572,12935
918309,41.926007,12.486965,573,12943.3
918309,41.926045,12.486895,574,12950.5
918309,41.926088,12.486782,575,12961
918309,41.926100,12.486708,576,12967.2
918309,41.926092,12.486658,577,12971.4
918309,41.926138,12.486578,578,12979.8
918309,41.926213,12.486447,579,12993.5
918309,41.926467,12.486262,580,13025.4
918309,41.926592,12.486197,581,13040.2
918309,41.926695,12.486158,582,13052.1
918309,41.926772,12.486138,583,13060.7
918309,41.926873,12.486122,584,13072.1
918309,41.926978,12.486112,585,13083.7
918309,41.927082,12.486123,586,13095.2
918309,41.927285,12.486192,587,13118.4
918309,41.927618,12.486295,588,13156.2
918309,41.927757,12.486328,589,13171.7
918309,41.927822,12.486342,590,13179
918309,41.927880,12.486347,591,13185.5
918309,41.927985,12.486350,592,13197.1
918309,41.928147,12.486340,593,13215
918309,41.928233,12.486327,594,13224.7
918309,41.928385,12.486293,595,13241.7
918309,41.928520,12.486245,596,13257.1
918309,41.928768,12.486148,597,13285.7
918309,41.929007,12.486063,598,13313
918309,41.929015,12.486013,599,13317.2
918309,41.929100,12.485965,600,13327.4
918309,41.929175,12.485925,601,13336.3
918309,41.929227,12.485893,602,13342.6
918309,41.929278,12.485858,603,13349
918309,41.929355,12.485805,604,13358.6
918309,41.929417,12.485753,605,13366.6
918309,41.929470,12.485700,606,13374
918309,41.929517,12.485640,607,13381.1
918309,41.929558,12.485583,608,13387.7
918309,41.929588,12.485535,609,13392.8
918309,41.929640,12.485418,610,13404
918309,41.929685,12.485385,611,13409.7
918309,41.929780,12.485045,612,13439.7
918309,41.929787,12.485013,613,13442.4
918309,41.929798,12.484972,614,13446.1
918309,41.929817,12.484878,615,13454
918309,41.929828,12.484795,616,13461
918309,41.929830,12.484740,617,13465.6
918309,41.929825,12.484650,618,13473
918309,41.929822,12.484597,619,13477.4
918309,41.929815,12.484542,620,13482
918309,41.929812,12.484525,621,13483.4
918309,41.929792,12.484437,622,13491
918309,41.929768,12.484358,623,13498
918309,41.929720,12.484233,624,13509.6
918309,41.929685,12.484145,625,13517.9
918309,41.929642,12.484035,626,13528.1
918309,41.929587,12.483913,627,13539.9
918309,41.929518,12.483767,628,13554.1
918309,41.929515,12.483760,629,13554.8
918309,41.929487,12.483705,630,13560.3
918309,41.929435,12.483600,631,13570.7
918309,41.929203,12.483188,632,13613.2
918309,41.929165,12.483110,633,13620.9
918309,41.929145,12.483072,634,13624.8
918309,41.929092,12.482987,635,13633.9
918309,41.929003,12.482840,636,13649.5
918309,41.928895,12.482665,637,13668.2
918309,41.928828,12.482567,638,13679.2
918309,41.928753,12.482465,639,13691
918309,41.928692,12.482383,640,13700.6
918309,41.928605,12.482272,641,13713.9
918309,41.928587,12.482243,642,13716.9
918309,41.928570,12.482200,643,13721
918309,41.928567,12.482187,644,13722.1
918309,41.928508,12.482130,645,13730.1
918309,41.928468,12.482005,646,13741.3
918309,41.928433,12.481857,647,13754.1
918309,41.928380,12.481557,648,13779.6
918309,41.928360,12.481333,649,13798.1
918309,41.928350,12.481028,650,13823.3
918309,41.928352,12.480695,651,13850.8
918309,41.928370,12.480380,652,13876.9
918309,41.928365,12.480157,653,13895.3
918309,41.928432,12.480032,654,13908
918309,41.928377,12.479988,655,13914.9
918309,41.928403,12.479825,656,13928.5
918309,41.928402,12.479738,657,13935.6
918309,41.928410,12.479605,658,13946.4
918309,41.928445,12.479482,659,13957.1
918309,41.928502,12.479277,660,13974.9
918309,41.928545,12.479153,661,13986
918309,41.928577,12.479040,662,13995.8
918309,41.928607,12.478852,663,14011.4
918309,41.928640,12.478643,664,14028.7
918309,41.928655,12.477850,665,14093.2
918309,41.928657,12.477825,666,14095.2
918309,41.928665,12.477708,667,14104.7
918309,41.928670,12.477635,668,14110.7
918309,41.928672,12.477623,669,14111.7
918309,41.928683,12.477577,670,14115.7
918309,41.928700,12.477532,671,14119.8
918309,41.928715,12.477503,672,14122.6
918309,41.928745,12.477463,673,14127.2
918309,41.928775,12.477430,674,14131.4
918309,41.928800,12.477405,675,14134.8
918309,41.928817,12.477390,676,14137
918309,41.928835,12.477377,677,14139.3
918309,41.928937,12.477308,678,14151.9
918309,41.929007,12.477272,679,14160.2
918309,41.929102,12.477228,680,14171.3
918309,41.929328,12.477130,681,14197.7
918309,41.929503,12.477050,682,14218.2
918309,41.929612,12.476997,683,14231
918309,41.929788,12.476913,684,14251.7
918309,41.929863,12.476877,685,14260.5
918309,41.929958,12.476822,686,14272
918309,41.930027,12.476738,687,14282.2
918309,41.930072,12.476670,688,14289.7
912949,41.930940,12.464707,1,0
912949,41.930908,12.464827,2,10.4212
912949,41.930958,12.464878,3,17.3462
912949,41.931005,12.464928,4,23.8995
912949,41.931057,12.464983,5,31.1368
912949,41.931102,12.464927,6,37.91
912949,41.931218,12.464672,7,62.3969
912949,41.931257,12.464600,8,69.6151
912949,41.931288,12.464552,9,74.88
912949,41.931393,12.464408,10,91.3207
912949,41.931845,12.463908,11,155.578
912949,41.932037,12.463635,12,186.279
912949,41.932175,12.463777,13,205.374
912949,41.932837,12.464617,14,305.347
912949,41.932965,12.464640,15,319.548
912949,41.933015,12.464710,16,327.479
912949,41.933353,12.465177,17,380.736
912949,41.933332,12.465273,18,389
912949,41.933605,12.465535,19,425.406
912949,41.933818,12.465862,20,460.518
912949,41.933908,12.466030,21,477.268
912949,41.933923,12.466130,22,485.521
912949,41.934088,12.466480,23,519.009
912949,41.934197,12.466690,24,539.66
912949,41.934257,12.466817,25,551.796
912949,41.934300,12.466922,26,561.503
912949,41.934268,12.466913,27,565
912949,41.934357,12.467067,28,580.763
912949,41.934380,12.467137,29,587.002
912949,41.934323,12.467223,30,596.378
912949,41.934293,12.467257,31,600.627
912949,41.934238,12.467300,32,607.583
912949,41.934193,12.467332,33,613.124
912949,41.934110,12.467393,34,623.502
912949,41.934003,12.467387,35,635.142
912949,41.933522,12.467407,36,687.67
912949,41.933287,12.467403,37,713.288
912949,41.932912,12.467388,38,754.182
912949,41.932828,12.467385,39,763.27
912949,41.932760,12.467387,40,770.72
912949,41.932718,12.467392,41,775.28
912949,41.932638,12.467417,42,784.234
912949,41.932403,12.467507,43,810.877
912949,41.931988,12.467673,44,858.103
912949,41.931830,12.467730,45,875.968
912949,41.931772,12.467753,46,882.604
912949,41.931417,12.467895,47,922.982
912949,41.931270,12.467823,48,940
912949,41.930352,12.468322,49,1049.64
912949,41.930155,12.468402,50,1072.38
912949,41.930037,12.468438,51,1085.82
912949,41.929985,12.468457,52,1091.73
912949,41.929928,12.468475,53,1098.18
912949,41.929878,12.468487,54,1103.8
912949,41.929777,12.468483,55,1115.05
912949,41.929507,12.468508,56,1145
912949,41.929265,12.468693,57,1175.79
912949,41.928890,12.468842,58,1219.04
912949,41.928553,12.468988,59,1258.2
912949,41.928580,12.469110,60,1268.67
912949,41.928700,12.469682,61,1317.72
912949,41.928718,12.469755,62,1324.11
912949,41.928972,12.469657,63,1353.28
912949,41.929017,12.469638,64,1358.48
912949,41.929065,12.469618,65,1364.08
912949,41.928950,12.470062,66,1402.84
912949,41.928905,12.470673,67,1453.61
912949,41.929027,12.471265,68,1504.3
912949,41.929135,12.471568,69,1532.07
912949,41.929272,12.471902,70,1563.48
912949,41.929490,12.472027,71,1589.74
912949,41.929823,12.471777,72,1632
912949,41.929965,12.472852,73,1722
912949,41.930020,12.472920,74,1730.23
912949,41.930033,12.473107,75,1745.6
912949,41.930067,12.473642,76,1789.6
912949,41.930128,12.474750,77,1880.67
912949,41.930168,12.475172,78,1915.51
912949,41.930203,12.475475,79,1940.66
912949,41.930182,12.475758,80,1964
912949,41.930232,12.475825,81,1971.8
912949,41.930228,12.475922,82,1979.78
912949,41.930225,12.476005,83,1986.66
912949,41.930217,12.476080,84,1992.92
912949,41.930198,12.476198,85,2002.89
912949,41.930188,12.476305,86,2011.76
912949,41.930143,12.476313,87,2016.78
912949,41.930125,12.476323,88,2018.97
912949,41.930107,12.476350,89,2021.96
912949,41.930095,12.476402,90,2026.41
912949,41.930092,12.476450,91,2030.41
912949,41.930095,12.476542,92,2037.99
912949,41.930103,12.476560,93,2039.76
912949,41.930125,12.476587,94,2043.01
912949,41.930072,12.476670,95,2052.06
912949,41.930027,12.476738,96,2059.58
912949,41.929958,12.476822,97,2069.79
912949,41.929863,12.476877,98,2081.23
912949,41.929788,12.476913,99,2090.05
912949,41.929612,12.476997,100,2110.74
912949,41.929503,12.477050,101,2123.49
912949,41.929328,12.477130,102,2143.92
912949,41.929102,12.477228,103,2170.25
912949,41.929007,12.477272,104,2181.34
912949,41.928937,12.477308,105,2189.64
912949,41.928698,12.477417,106,2217.45
912949,41.928672,12.477432,107,2220.64
912949,41.928652,12.477443,108,2223.05
912949,41.928638,12.477458,109,2224.98
912949,41.928617,12.477495,110,2228.84
912949,41.928585,12.477580,111,2236.67
912949,41.928537,12.477720,112,2249.4
912949,41.928443,12.477953,113,2271.24
912949,41.928397,12.478030,114,2279.4
912949,41.928315,12.478193,115,2295.62
912949,41.927942,12.478777,116,2359
912949,41.927408,12.479955,117,2473.01
912949,41.927082,12.480573,118,2535.68
912949,41.927053,12.480618,119,2540.55
912949,41.926993,12.480693,120,2549.64
912949,41.926988,12.480700,121,2550.42
912949,41.926955,12.480733,122,2555.03
912949,41.926860,12.480815,123,2567.54
912949,41.926845,12.480830,124,2569.62
912949,41.926800,12.480880,125,2576.1
912949,41.926775,12.480918,126,2580.31
912949,41.926747,12.480990,127,2587.02
912949,41.926707,12.481147,128,2600.72
912949,41.926692,12.481288,129,2612.56
912949,41.926698,12.481427,130,2624.03
912949,41.926755,12.481487,131,2632.03
912949,41.926803,12.481535,132,2638.71
912949,41.926860,12.481583,133,2646.16
912949,41.926888,12.481602,134,2649.64
912949,41.926977,12.481650,135,2660.22
912949,41.927083,12.481698,136,2672.69
912949,41.927162,12.481738,137,2681.98
912949,41.927540,12.481937,138,2727
912949,41.928360,12.482163,139,2819.42
912949,41.928520,12.482280,140,2839.52
912949,41.928637,12.482438,141,2857.86
912949,41.928698,12.482515,142,2867.15
912949,41.928753,12.482592,143,2875.91
912949,41.928807,12.482673,144,2884.85
912949,41.928955,12.482908,145,2910.21
912949,41.929025,12.483027,146,2922.66
912949,41.929097,12.483138,147,2934.79
912949,41.929158,12.483233,148,2945.17
912949,41.929257,12.483408,149,2963.22
912949,41.929328,12.483533,150,2976.21
912949,41.929395,12.483662,151,2989.09
912949,41.929433,12.483750,152,2997.51
912949,41.929460,12.483807,153,3003.03
912949,41.929522,12.483965,154,3017.75
912949,41.929577,12.484102,155,3030.55
912949,41.929602,12.484177,156,3037.32
912949,41.929602,12.484403,157,3056
912949,41.929692,12.484437,158,3066.04
912949,41.929715,12.484512,159,3072.56
912949,41.929732,12.484563,160,3077.08
912949,41.929747,12.484618,161,3081.78
912949,41.929762,12.484690,162,3087.75
912949,41.929768,12.484748,163,3092.49
912949,41.929767,12.484853,164,3100.92
912949,41.929765,12.484873,165,3102.53
912949,41.929755,12.484937,166,3107.73
912949,41.929742,12.484998,167,3112.88
912949,41.929718,12.485093,168,3120.91
912949,41.929635,12.485365,169,3144.49
912949,41.929640,12.485418,170,3148.8
912949,41.929588,12.485535,171,3159.69
912949,41.929558,12.485583,172,3164.73
912949,41.929517,12.485640,173,3171.12
912949,41.929470,12.485700,174,3178.07
912949,41.929417,12.485753,175,3185.23
912949,41.929355,12.485805,176,3193.05
912949,41.929278,12.485858,177,3202.33
912949,41.929227,12.485893,178,3208.56
912949,41.929175,12.485925,179,3214.66
912949,41.929100,12.485965,180,3223.34
912949,41.929057,12.485925,181,3229
912949,41.929015,12.486013,182,3237.59
912949,41.928768,12.486148,183,3266.92
912949,41.928520,12.486245,184,3295.38
912949,41.928385,12.486293,185,3310.77
912949,41.928233,12.486327,186,3327.68
912949,41.928147,12.486340,187,3337.29
912949,41.928045,12.486350,188,3348.51
912949,41.927880,12.486347,189,3366.67
912949,41.927822,12.486342,190,3373.1
912949,41.927757,12.486328,191,3380.34
912949,41.927618,12.486295,192,3395.81
912949,41.927285,12.486192,193,3433.47
912949,41.927082,12.486123,194,3456.55
912949,41.926978,12.486112,195,3467.96
912949,41.926873,12.486122,196,3479.55
912949,41.926772,12.486138,197,3490.83
912949,41.926695,12.486158,198,3499.42
912949,41.926592,12.486197,199,3511.23
912949,41.926467,12.486262,200,3525.99
912949,41.926213,12.486447,201,3557.75
912949,41.926157,12.486402,202,3565
912949,41.926112,12.486500,203,3574.36
912949,41.925965,12.486595,204,3592.07
912949,41.925918,12.486612,205,3597.32
912949,41.925875,12.486638,206,3602.5
912949,41.925840,12.486673,207,3607.25
912949,41.925813,12.486713,208,3611.6
912949,41.925790,12.486757,209,3615.94
912949,41.925765,12.486823,210,3621.99
912949,41.925752,12.486873,211,3626.3
912949,41.925748,12.486890,212,3627.7
912949,41.925745,12.486950,213,3632.59
912949,41.925755,12.487013,214,3637.84
912949,41.925758,12.487237,215,3655.97
912949,41.925638,12.487723,216,3697.57
912949,41.925563,12.488027,217,3723.51
912949,41.925422,12.488580,218,3770.98
912949,41.925253,12.489257,219,3828.88
912949,41.925218,12.489342,220,3836.75
912949,41.925145,12.489457,221,3849.03
912949,41.925042,12.489570,222,3863.55
912949,41.924902,12.489717,223,3882.87
912949,41.924698,12.489940,224,3911.45
912949,41.924603,12.489913,225,3922
912949,41.924490,12.490153,226,3945.08
912949,41.924312,12.490322,227,3968.84
912949,41.923783,12.490882,228,4042.19
912949,41.923662,12.491003,229,4058.72
912949,41.923548,12.491117,230,4074.12
912949,41.923478,12.491200,231,4084.31
912949,41.923295,12.491390,232,4109.55
912949,41.923190,12.491382,233,4121
912949,41.923200,12.491482,234,4129.24
912949,41.923135,12.491550,235,4138.27
912949,41.923055,12.491625,236,4148.95
912949,41.922838,12.491850,237,4178.93
912949,41.922625,12.492073,238,4208.54
912949,41.922542,12.492158,239,4220
912949,41.922472,12.492228,240,4229.55
912949,41.922427,12.492275,241,4235.77
912949,41.922343,12.492438,242,4251.93
912949,41.922328,12.492482,243,4255.83
912949,41.922290,12.492587,244,4265.37
912949,41.922220,12.492810,245,4285.15
912949,41.922208,12.492847,246,4288.4
912949,41.922200,12.492872,247,4290.64
912949,41.922177,12.492937,248,4296.53
912949,41.921793,12.494053,249,4396.89
912949,41.921760,12.494077,250,4401
912949,41.921708,12.494303,251,4420.59
912949,41.921682,12.494380,252,4427.58
912949,41.921673,12.494403,253,4429.72
912949,41.921437,12.495118,254,4494.35
912949,41.921395,12.495258,255,4506.81
912949,41.921345,12.495417,256,4521.02
912949,41.921203,12.495878,257,4562.27
912949,41.921097,12.496170,258,4589.11
912949,41.921000,12.496430,259,4613.12
912949,41.920938,12.496592,260,4628.12
912949,41.920883,12.496668,261,4636.91
912949,41.920767,12.496835,262,4655.79
912949,41.920565,12.497023,263,4683
912949,41.920552,12.497110,264,4690.3
912949,41.920242,12.497515,265,4738.15
912949,41.920138,12.497643,266,4753.72
912949,41.920115,12.497607,267,4757.7
912949,41.920025,12.497483,268,4771.93
912949,41.919943,12.497373,269,4784.73
912949,41.919672,12.496977,270,4829.13
912949,41.919538,12.496690,271,4857
912949,41.919008,12.496050,272,4935.88
912949,41.918940,12.495947,273,4947.27
912949,41.918740,12.495667,274,4979.25
912949,41.918643,12.495537,275,4994.39
912949,41.917712,12.495222,276,5100.59
912949,41.917220,12.495988,277,5184
912949,41.917138,12.496227,278,5205.51
912949,41.916763,12.495698,279,5265.32
912949,41.916585,12.495470,280,5292.42
912949,41.916190,12.494975,281,5351.86
912949,41.916258,12.494873,282,5363.08
912949,41.916327,12.494775,283,5374.1
912949,41.916702,12.494195,284,5437.04
912949,41.916707,12.494117,285,5443.49
912949,41.916703,12.494048,286,5449.11
912949,41.916692,12.494012,287,5452.38
912949,41.916648,12.493978,288,5457.87
912949,41.916558,12.493942,289,5468.2
912949,41.916347,12.494043,290,5492.91
912949,41.916213,12.494105,291,5508.4
912949,41.916012,12.494138,292,5530.72
912949,41.915795,12.494157,293,5554.57
912949,41.915443,12.494135,294,5593.25
912949,41.915305,12.494110,295,5608.58
912949,41.914718,12.493967,296,5674.09
912949,41.914670,12.493810,297,5688
912949,41.914235,12.493850,298,5736.17
912949,41.914080,12.493812,299,5753.58
912949,41.913513,12.493393,300,5825.06
912949,41.913473,12.493358,301,5830.34
912949,41.913447,12.493297,302,5836.22
912949,41.913282,12.493185,303,5856.65
912949,41.913140,12.493085,304,5874.34
912949,41.912328,12.492522,305,5975.33
912949,41.912240,12.492460,306,5986.34
912949,41.911987,12.492233,307,6020
912949,41.911957,12.492260,308,6023.97
912949,41.911903,12.492250,309,6029.91
912949,41.911872,12.492227,310,6033.9
912949,41.911743,12.492127,311,6050.28
912949,41.911315,12.491778,312,6105.55
912949,41.911222,12.491652,313,6120.21
912949,41.910902,12.491060,314,6180.39
912949,41.910890,12.490962,315,6188.59
912949,41.910208,12.489687,316,6317.77
912949,41.910000,12.489305,317,6356.71
912949,41.909943,12.489215,318,6366.41
912949,41.909915,12.489163,319,6371.69
912949,41.909813,12.488515,320,6426.27
912949,41.909797,12.488398,321,6436.06
912949,41.909718,12.488292,322,6448.38
912949,41.909630,12.488237,323,6459.13
912949,41.909590,12.488228,324,6463.59
912949,41.909555,12.488230,325,6467.45
912949,41.909502,12.488243,326,6473.44
912949,41.909447,12.488260,327,6479.66
912949,41.909395,12.488285,328,6485.72
912949,41.909350,12.488317,329,6491.32
912949,41.909335,12.488330,330,6493.31
912949,41.909305,12.488360,331,6497.44
912949,41.909228,12.488465,332,6509.54
912949,41.908747,12.488830,333,6570.58
912949,41.908207,12.489057,334,6633
912949,41.908103,12.489320,335,6657.29
912949,41.907335,12.489943,336,6755.52
912949,41.906963,12.490225,337,6802.22
912949,41.906882,12.490277,338,6812.1
912949,41.906838,12.490295,339,6817.07
912949,41.906768,12.490318,340,6824.95
912949,41.906648,12.490347,341,6838.28
912949,41.906570,12.490353,342,6846.86
912949,41.906510,12.490335,343,6853.59
912949,41.906467,12.490312,344,6858.7
912949,41.906400,12.490267,345,6866.86
912949,41.906357,12.490225,346,6872.69
912949,41.906315,12.490182,347,6878.46
912949,41.906042,12.489613,348,6933.67
912949,41.905972,12.489400,349,6952.7
912949,41.905970,12.489375,350,6954.75
912949,41.905787,12.488727,351,7011.37
912949,41.905830,12.488597,352,7023
912949,41.905703,12.488450,353,7041.17
912949,41.905650,12.488345,354,7051.46
912949,41.905572,12.488245,355,7063.2
912949,41.905498,12.488185,356,7072.53
912949,41.905407,12.488133,357,7083.32
912949,41.905293,12.488087,358,7096.18
912949,41.905143,12.488050,359,7112.73
912949,41.905047,12.488083,360,7123.56
912949,41.904717,12.488282,361,7162.8
912949,41.904357,12.488443,362,7204
912949,41.904118,12.488735,363,7239.72
912949,41.903955,12.488588,364,7261.47
912949,41.903842,12.488475,365,7277.12
912949,41.903743,12.488368,366,7291.12
912949,41.903695,12.488298,367,7298.99
912949,41.903447,12.488088,368,7331.48
912949,41.903303,12.487407,369,7390
912949,41.903150,12.486967,370,7430.28
912949,41.903088,12.486762,371,7448.62
912949,41.902997,12.486420,372,7478.74
912949,41.902797,12.485607,373,7549.78
912949,41.902772,12.485495,374,7559.45
912949,41.902448,12.484148,375,7676.81
912949,41.902378,12.483750,376,7710.76
912949,41.902353,12.483508,377,7731
912949,41.902220,12.483135,378,7765.24
912949,41.902053,12.482487,379,7821.96
912949,41.901895,12.481790,380,7882.21
912949,41.901758,12.481235,381,7930.56
912949,41.902098,12.481377,382,7970
912949,41.902223,12.481325,383,7984.37
912949,41.902190,12.481230,384,7992.99
912949,41.902152,12.481138,385,8001.61
912949,41.902120,12.481048,386,8009.78
912949,41.902095,12.480978,387,8016.15
912949,41.902052,12.480832,388,8029.09
912949,41.901983,12.480603,389,8049.28
912949,41.901710,12.480150,390,8097.1
912949,41.901510,12.480235,391,8120.15
912949,41.901642,12.480757,392,8165.35
912949,41.901652,12.481057,393,8190
912949,41.901758,12.481235,394,8208.83
912949,41.901895,12.481790,395,8256.99
912949,41.902053,12.482487,396,8317
912949,41.902220,12.483135,397,8373.5
912949,41.902378,12.483750,398,8427.11
912949,41.902448,12.484148,399,8460.83
912949,41.902498,12.484790,400,8514
912949,41.902772,12.485495,401,8579.7
912949,41.902797,12.485607,402,8589.34
912949,41.902997,12.486420,403,8660.17
912949,41.903088,12.486762,404,8690.2
912949,41.903150,12.486967,405,8708.48
912949,41.903272,12.487680,406,8769
912949,41.903447,12.488088,407,8807.89
912949,41.903388,12.488192,408,8818.59
912949,41.903357,12.488250,409,8824.55
912949,41.903472,12.488512,410,8849.63
912949,41.903560,12.488748,411,8871.48
912949,41.903617,12.488907,412,8885.98
912949,41.903678,12.489107,413,8903.86
912949,41.903948,12.488908,414,8937.92
912949,41.904007,12.488858,415,8945.57
912949,41.904060,12.488800,416,8953.19
912949,41.904118,12.488735,417,8961.58
912949,41.904513,12.488512,418,9009
912949,41.904717,12.488282,419,9038.34
912949,41.905047,12.488083,420,9078.21
912949,41.905143,12.488050,421,9089.21
912949,41.905293,12.488087,422,9106.02
912949,41.905407,12.488133,423,9119.09
912949,41.905498,12.488185,424,9130.05
912949,41.905572,12.488245,425,9139.52
912949,41.905650,12.488345,426,9151.46
912949,41.905703,12.488450,427,9161.91
912949,41.905787,12.488727,428,9186.47
912949,41.905970,12.489375,429,9243.55
912949,41.905972,12.489400,430,9245.62
912949,41.906042,12.489613,431,9264.8
912949,41.906103,12.489870,432,9287
912949,41.906315,12.490182,433,9321.99
912949,41.906357,12.490225,434,9327.85
912949,41.906400,12.490267,435,9333.79
912949,41.906467,12.490312,436,9342.09
912949,41.906510,12.490335,437,9347.28
912949,41.906570,12.490353,438,9354.12
912949,41.906648,12.490347,439,9362.85
912949,41.906768,12.490318,440,9376.4
912949,41.906838,12.490295,441,9384.42
912949,41.906882,12.490277,442,9389.47
912949,41.906963,12.490225,443,9399.52
912949,41.907335,12.489943,444,9447.01
912949,41.908103,12.489320,445,9546.9
912949,41.908542,12.489098,446,9599
912949,41.908747,12.488830,447,9630.67
912949,41.909228,12.488465,448,9691.82
912949,41.909325,12.488555,449,9704.83
912949,41.909355,12.488578,450,9708.66
912949,41.909392,12.488602,451,9713.14
912949,41.909438,12.488625,452,9718.65
912949,41.909478,12.488643,453,9723.32
912949,41.909515,12.488680,454,9728.37
912949,41.909540,12.488715,455,9732.37
912949,41.909552,12.488835,456,9742.36
912949,41.909563,12.488947,457,9751.66
912949,41.909558,12.489380,458,9787.42
912949,41.909732,12.489383,459,9806.57
912949,41.909885,12.489392,460,9823.53
912949,41.909932,12.489402,461,9828.75
912949,41.909963,12.489445,462,9833.75
912949,41.910153,12.489795,463,9869.45
912949,41.910217,12.489913,464,9881.47
912949,41.910810,12.491002,465,9992.65
912949,41.910902,12.491060,466,10003.9
912949,41.911147,12.491600,467,10056
912949,41.911222,12.491652,468,10065.4
912949,41.911315,12.491778,469,10080.1
912949,41.911743,12.492127,470,10135.7
912949,41.911872,12.492227,471,10152.1
912949,41.911903,12.492250,472,10156.1
912949,41.911922,12.492308,473,10161.4
912949,41.912218,12.492508,474,10198.2
912949,41.912242,12.492527,475,10201.2
912949,41.912293,12.492557,476,10207.4
912949,41.912403,12.492637,477,10221.3
912949,41.913038,12.493073,478,10300.5
912949,41.913110,12.493127,479,10309.6
912949,41.913282,12.493255,480,10331.4
912949,41.913410,12.493347,481,10347.5
912949,41.913473,12.493358,482,10354.6
912949,41.913513,12.493393,483,10359.9
912949,41.913980,12.493808,484,10422
912949,41.914080,12.493812,485,10432.9
912949,41.914235,12.493850,486,10450.1
912949,41.914718,12.493967,487,10503.7
912949,41.915125,12.494170,488,10551
912949,41.915305,12.494110,489,10571.6
912949,41.915443,12.494135,490,10587
912949,41.915707,12.494405,491,10623.8
912949,41.915928,12.494655,492,10656
912949,41.916070,12.494700,493,10672.1
912949,41.916128,12.494722,494,10678.8
912949,41.916327,12.494775,495,10701.2
912949,41.916702,12.494195,496,10764.8
912949,41.916940,12.493963,497,10797.4
912949,41.917248,12.493760,498,10835.5
912949,41.917503,12.493627,499,10865.9
912949,41.917835,12.493565,500,10903
912949,41.918397,12.493277,501,10969.1
912949,41.918603,12.493193,502,10992.9
912949,41.919512,12.492773,503,11098.5
912949,41.919850,12.493682,504,11181.8
912949,41.919887,12.493783,505,11191.1
912949,41.919877,12.493940,506,11204
912949,41.920077,12.494323,507,11242.2
912949,41.920133,12.494473,508,11255.9
912949,41.920247,12.494978,509,11299
912949,41.920543,12.495577,510,11358.1
912949,41.920623,12.495805,511,11378.9
912949,41.920780,12.496238,512,11418.5
912949,41.920905,12.496568,513,11449
912949,41.920938,12.496592,514,11453.1
912949,41.921000,12.496430,515,11468.1
912949,41.921097,12.496170,516,11492
912949,41.921203,12.495878,517,11518.7
912949,41.921345,12.495417,518,11559.8
912949,41.921395,12.495258,519,11573.9
912949,41.921437,12.495118,520,11586.3
912949,41.921673,12.494403,521,11650.7
912949,41.921682,12.494380,522,11652.8
912949,41.921763,12.494360,523,11662
912949,41.921708,12.494303,524,11669.5
912949,41.921793,12.494053,525,11691.5
912949,41.922177,12.492937,526,11790.1
912949,41.922200,12.492872,527,11795.9
912949,41.922208,12.492847,528,11798.1
912949,41.922220,12.492810,529,11801.3
912949,41.922290,12.492587,530,11820.7
912949,41.922328,12.492482,531,11830.1
912949,41.922343,12.492438,532,11833.9
912949,41.922427,12.492275,533,11849.8
912949,41.922472,12.492228,534,11855.9
912949,41.922542,12.492158,535,11865.3
912949,41.922625,12.492073,536,11876.5
912949,41.922838,12.491850,537,11905.6
912949,41.923055,12.491625,538,11935.1
912949,41.923135,12.491550,539,11945.6
912949,41.923200,12.491482,540,11954.4
912949,41.923295,12.491390,541,11967
912949,41.923478,12.491200,542,11991.9
912949,41.923530,12.491255,543,11999
912949,41.923548,12.491117,544,12010.3
912949,41.923662,12.491003,545,12025.5
912949,41.923783,12.490882,546,12041.8
912949,41.924312,12.490322,547,12114.3
912949,41.924490,12.490153,548,12137.8
912949,41.924698,12.489940,549,12166
912949,41.924902,12.489717,550,12194.3
912949,41.925042,12.489570,551,12213.4
912949,41.925118,12.489598,552,12222
912949,41.925145,12.489457,553,12234
912949,41.925218,12.489342,554,12246.3
912949,41.925253,12.489257,555,12254.3
912949,41.925422,12.488580,556,12312.6
912949,41.925563,12.488027,557,12360.5
912949,41.925638,12.487723,558,12386.7
912949,41.925782,12.487337,559,12422
912949,41.925758,12.487237,560,12430.7
912949,41.925893,12.487072,561,12450.9
912949,41.925950,12.487032,562,12458
912949,41.926007,12.486965,563,12466.3
912949,41.926045,12.486895,564,12473.5
912949,41.926088,12.486782,565,12484
912949,41.926100,12.486708,566,12490.2
912949,41.926092,12.486658,567,12494.4
912949,41.926138,12.486578,568,12502.8
912949,41.926213,12.486447,569,12516.5
912949,41.926467,12.486262,570,12548.4
912949,41.926592,12.486197,571,12563.2
912949,41.926695,12.486158,572,12575.1
912949,41.926772,12.486138,573,12583.7
912949,41.926873,12.486122,574,12595.1
912949,41.926978,12.486112,575,12606.7
912949,41.927082,12.486123,576,12618.2
912949,41.927285,12.486192,577,12641.4
912949,41.927618,12.486295,578,12679.2
912949,41.927757,12.486328,579,12694.7
912949,41.927822,12.486342,580,12702
912949,41.927880,12.486347,581,12708.5
912949,41.927985,12.486350,582,12720.1
912949,41.928147,12.486340,583,12738
912949,41.928233,12.486327,584,12747.7
912949,41.928385,12.486293,585,12764.7
912949,41.928520,12.486245,586,12780.1
912949,41.928768,12.486148,587,12808.7
912949,41.929007,12.486063,588,12836
912949,41.929015,12.486013,589,12840.2
912949,41.929100,12.485965,590,12850.4
912949,41.929175,12.485925,591,12859.3
912949,41.929227,12.485893,592,12865.6
912949,41.929278,12.485858,593,12872
912949,41.929355,12.485805,594,12881.6
912949,41.929417,12.485753,595,12889.6
912949,41.929470,12.485700,596,12897
912949,41.929517,12.485640,597,12904.1
912949,41.929558,12.485583,598,12910.7
912949,41.929588,12.485535,599,12915.8
912949,41.929640,12.485418,600,12927
912949,41.929685,12.485385,601,12932.7
912949,41.929780,12.485045,602,12962.7
912949,41.929787,12.485013,603,12965.4
912949,41.929798,12.484972,604,12969.1
912949,41.929817,12.484878,605,12977
912949,41.929828,12.484795,606,12984
912949,41.929830,12.484740,607,12988.6
912949,41.929825,12.484650,608,12996
912949,41.929822,12.484597,609,13000.4
912949,41.929815,12.484542,610,13005
912949,41.929812,12.484525,611,13006.4
912949,41.929792,12.484437,612,13014
912949,41.929768,12.484358,613,13021
912949,41.929720,12.484233,614,13032.6
912949,41.929685,12.484145,615,13040.9
912949,41.929642,12.484035,616,13051.1
912949,41.929587,12.483913,617,13062.9
912949,41.929518,12.483767,618,13077.1
912949,41.929515,12.483760,619,13077.8
912949,41.929487,12.483705,620,13083.3
912949,41.929435,12.483600,621,13093.7
912949,41.929203,12.483188,622,13136.2
912949,41.929165,12.483110,623,13143.9
912949,41.929145,12.483072,624,13147.8
912949,41.929092,12.482987,625,13156.9
912949,41.929003,12.482840,626,13172.5
912949,41.928895,12.482665,627,13191.2
912949,41.928828,12.482567,628,13202.2
912949,41.928753,12.482465,629,13214
912949,41.928692,12.482383,630,13223.6
912949,41.928605,12.482272,631,13236.9
912949,41.928587,12.482243,632,13239.9
912949,41.928570,12.482200,633,13244
912949,41.928567,12.482187,634,13245.1
912949,41.928508,12.482130,635,13253.1
912949,41.928468,12.482005,636,13264.3
912949,41.928433,12.481857,637,13277.1
912949,41.928380,12.481557,638,13302.6
912949,41.928360,12.481333,639,13321.1
912949,41.928350,12.481028,640,13346.3
912949,41.928352,12.480695,641,13373.8
912949,41.928370,12.480380,642,13399.9
912949,41.928365,12.480157,643,13418.3
912949,41.928432,12.480032,644,13431
912949,41.928377,12.479988,645,13438
912949,41.928403,12.479825,646,13451.7
912949,41.928402,12.479738,647,13458.7
912949,41.928410,12.479605,648,13469.7
912949,41.928445,12.479482,649,13480.5
912949,41.928502,12.479277,650,13498.3
912949,41.928545,12.479153,651,13509.5
912949,41.928577,12.479040,652,13519.4
912949,41.928607,12.478852,653,13535.1
912949,41.928640,12.478643,654,13552.5
912949,41.928655,12.477850,655,13617.4
912949,41.928657,12.477825,656,13619.4
912949,41.928665,12.477708,657,13629
912949,41.928670,12.477635,658,13635
912949,41.928672,12.477623,659,13636
912949,41.928683,12.477577,660,13640
912949,41.928700,12.477532,661,13644.1
912949,41.928715,12.477503,662,13647
912949,41.928745,12.477463,663,13651.6
912949,41.928775,12.477430,664,13655.9
912949,41.928800,12.477405,665,13659.3
912949,41.928835,12.477377,666,13663.8
912949,41.928937,12.477308,667,13676.2
912949,41.929007,12.477272,668,13684.5
912949,41.929102,12.477228,669,13695.4
912949,41.929328,12.477130,670,13721.5
912949,41.929503,12.477050,671,13741.8
912949,41.929557,12.477023,672,13748
912949,41.929612,12.476997,673,13754.5
912949,41.929788,12.476913,674,13775.2
912949,41.929863,12.476877,675,13784.1
912949,41.929958,12.476822,676,13795.5
912949,41.930027,12.476738,677,13805.8
912949,41.930072,12.476670,678,13813.3
912949,41.930125,12.476587,679,13822.4
912949,41.930163,12.476598,680,13826.7
912949,41.930225,12.476597,681,13833.6
912949,41.930263,12.476585,682,13837.9
912949,41.930300,12.476560,683,13842.5
912949,41.930317,12.476538,684,13845.1
912949,41.930333,12.476505,685,13848.4
912949,41.930345,12.476460,686,13852.3
912949,41.930347,12.476415,687,13856.1
912949,41.930335,12.476382,688,13859.1
912949,41.930308,12.476345,689,13863.3
912949,41.930280,12.476323,690,13866.9
912949,41.930240,12.476310,691,13871.5
912949,41.930208,12.476307,692,13875
912949,41.930188,12.476305,693,13877.3
912949,41.930198,12.476198,694,13886.1
912949,41.930217,12.476080,695,13896.1
912949,41.930225,12.476005,696,13902.4
912949,41.930228,12.475922,697,13909.3
912949,41.930232,12.475825,698,13917.3
912949,41.930312,12.475560,699,13941
912949,41.930280,12.475383,700,13956
912949,41.930168,12.475172,701,13977.2
912949,41.930128,12.474750,702,14011.9
912949,41.930067,12.473642,703,14102.8
912949,41.930033,12.473107,704,14146.7
912949,41.930020,12.472920,705,14162
912949,41.930002,12.472710,706,14179.3
912949,41.929985,12.472542,707,14193.1
912949,41.929932,12.471878,708,14247.7
912949,41.929983,12.471650,709,14267.2
912949,41.929970,12.471568,710,14274
912949,41.929945,12.471558,711,14276.9
912949,41.929922,12.471562,712,14279.4
912949,41.929912,12.471563,713,14280.5
912949,41.929855,12.471577,714,14286.8
912949,41.929823,12.471587,715,14290.4
912949,41.929803,12.471593,716,14292.7
912949,41.929757,12.471610,717,14297.9
912949,41.929673,12.471637,718,14307.3
912949,41.929625,12.471640,719,14312.6
912949,41.929582,12.471642,720,14317.4
912949,41.929483,12.471625,721,14328.2
912949,41.929390,12.471590,722,14338.8
912949,41.929330,12.471552,723,14346.1
912949,41.929170,12.471420,724,14366.6
912949,41.929118,12.471378,725,14373.3
912949,41.929038,12.471320,726,14383.2
912949,41.929013,12.471215,727,14392.2
912949,41.928958,12.470928,728,14416.4
912949,41.928902,12.470663,729,14439
912949,41.928958,12.470567,730,14449
912949,41.928960,12.470050,731,14491.6
912949,41.929080,12.469743,732,14520.2
912949,41.932297,12.468382,733,14893
912949,41.932785,12.468103,734,14951.8
912949,41.932857,12.468073,735,14960.1
912949,41.932947,12.468037,736,14970.5
912949,41.933050,12.467992,737,14982.6
912949,41.933098,12.467970,738,14988.2
912949,41.933198,12.467932,739,14999.7
912949,41.933273,12.467915,740,15008.2
912949,41.933332,12.467907,741,15014.7
912949,41.933428,12.467902,742,15025.4
912949,41.933562,12.467910,743,15040.2
912949,41.933603,12.467913,744,15044.8
912949,41.933702,12.467915,745,15055.7
912949,41.933757,12.467910,746,15061.8
912949,41.933767,12.467908,747,15062.9
912949,41.933930,12.467873,748,15081.2
912949,41.933960,12.467865,749,15084.6
912949,41.934128,12.467745,750,15105.8
912949,41.934182,12.467700,751,15112.7
912949,41.934345,12.467598,752,15132.7
912949,41.934425,12.467555,753,15142.2
912949,41.934513,12.467508,754,15152.8
912949,41.934588,12.467473,755,15161.6
912949,41.934573,12.467425,756,15165.9
912949,41.934550,12.467355,757,15172.2
912949,41.934460,12.467075,758,15197.5
912949,41.934373,12.466750,759,15226
912949,41.934265,12.466633,760,15241.3
912949,41.934148,12.466370,761,15266.3
912949,41.934012,12.466097,762,15293.3
912949,41.933908,12.466030,763,15305.9
912949,41.933818,12.465862,764,15322.9
912949,41.933605,12.465535,765,15358.4
912949,41.933353,12.465177,766,15398.7
912949,41.933150,12.464710,767,15443
912949,41.933015,12.464710,768,15457.7
912949,41.932965,12.464640,769,15465.6
912949,41.932935,12.464513,770,15476.5
912949,41.932703,12.464145,771,15515.8
912949,41.932330,12.463705,772,15570.1
912949,41.932238,12.463638,773,15581.5
912949,41.932137,12.463610,774,15592.8
912949,41.932037,12.463635,775,15603.9
912949,41.931845,12.463908,776,15634.5
912949,41.931393,12.464408,777,15698.5
912949,41.931353,12.464383,778,15703.4
912949,41.931298,12.464343,779,15710.2
912949,41.931248,12.464310,780,15716.3
912949,41.930940,12.464707,781,15763
